clf	task	method	accuracy	recall1	recall0	recall_macro	precision1	precision0	precision_macro	f1score1	f1score0	f1score_macro	mcc	spd	aod	eod	erd	

lr	Adult-Sex	default	0.85	0.6	0.93	0.76	0.73	0.87	0.8	0.66	0.9	0.78	0.56	0.19	0.1	0.12	0.11	
lr	Adult-Sex	rw	0.84	0.55	0.93	0.74	0.73	0.86	0.8	0.63	0.9	0.76	0.54	0.09	0.08	0.15	0.11	
lr	Adult-Sex	dir	0.84	0.57	0.94	0.75	0.75	0.87	0.81	0.64	0.9	0.77	0.55	0.18	0.1	0.12	0.12	
lr	Adult-Sex	lfr	0.75	0.07	0.98	0.53	0.44	0.76	0.6	0.11	0.86	0.48	0.1	0.02	0.04	0.06	0.18	
lr	Adult-Sex	ceo1	0.82	0.41	0.95	0.68	0.73	0.83	0.78	0.52	0.89	0.7	0.45	0.09	0.07	0.1	0.16	
lr	Adult-Sex	eo	0.82	0.53	0.91	0.72	0.66	0.85	0.76	0.59	0.88	0.74	0.48	0.09	0.01	0.02	0.08	
lr	Adult-Sex	ad	0.83	0.5	0.94	0.72	0.75	0.85	0.8	0.6	0.9	0.75	0.52	0.03	0.14	0.27	0.11	
lr	Adult-Sex	pr	0.76	0.05	1.0	0.52	0.98	0.76	0.87	0.09	0.86	0.48	0.18	0.01	0.02	0.04	0.19	
lr	Adult-Sex	mfc1	0.68	0.95	0.59	0.77	0.44	0.97	0.7	0.6	0.73	0.67	0.47	0.36	0.2	0.09	0.16	
lr	Adult-Sex	roc1	0.79	0.79	0.79	0.79	0.55	0.92	0.73	0.65	0.85	0.75	0.52	0.05	0.11	0.16	0.02	
lr	Adult-Sex	fairway	0.85	0.6	0.93	0.76	0.73	0.88	0.8	0.66	0.9	0.78	0.57	0.18	0.09	0.1	0.12	
lr	Adult-Sex	fairsmote	0.82	0.78	0.84	0.81	0.61	0.92	0.77	0.69	0.88	0.78	0.57	0.24	0.09	0.04	0.11	
lr	Adult-Sex	FairMask	0.85	0.59	0.93	0.76	0.73	0.87	0.8	0.65	0.9	0.78	0.56	0.18	0.09	0.1	0.12	
lr	Adult-Sex	maat	0.84	0.48	0.96	0.72	0.78	0.85	0.82	0.6	0.9	0.75	0.53	0.11	0.04	0.04	0.12	
lr	Adult-Sex	fitness_f	0.84	0.54	0.94	0.74	0.75	0.86	0.81	0.63	0.9	0.76	0.54	0.13	0.03	0.02	0.12	
lr	Adult-Race	default	0.85	0.6	0.93	0.76	0.73	0.87	0.8	0.66	0.9	0.78	0.56	0.1	0.06	0.09	0.05	
lr	Adult-Race	rw	0.85	0.59	0.93	0.76	0.73	0.87	0.8	0.65	0.9	0.78	0.56	0.05	0.03	0.06	0.05	
lr	Adult-Race	dir	0.85	0.6	0.93	0.76	0.73	0.87	0.8	0.66	0.9	0.78	0.56	0.07	0.02	0.03	0.05	
lr	Adult-Race	lfr	0.76	0.15	0.96	0.55	0.48	0.77	0.63	0.22	0.86	0.54	0.17	0.02	0.05	0.08	0.09	
lr	Adult-Race	ceo1	0.83	0.5	0.94	0.72	0.73	0.85	0.79	0.59	0.89	0.74	0.5	0.06	0.03	0.03	0.07	
lr	Adult-Race	eo	0.83	0.54	0.93	0.73	0.72	0.86	0.79	0.62	0.89	0.75	0.52	0.05	0.02	0.03	0.04	
lr	Adult-Race	ad	0.85	0.59	0.93	0.76	0.74	0.87	0.81	0.65	0.9	0.78	0.56	0.02	0.1	0.17	0.04	
lr	Adult-Race	pr	0.85	0.59	0.93	0.76	0.74	0.87	0.81	0.66	0.9	0.78	0.56	0.11	0.07	0.1	0.05	
lr	Adult-Race	mfc1	0.69	0.95	0.6	0.77	0.44	0.97	0.71	0.6	0.74	0.67	0.48	0.16	0.08	0.06	0.04	
lr	Adult-Race	roc1	0.8	0.85	0.78	0.81	0.56	0.94	0.75	0.67	0.85	0.76	0.56	0.04	0.04	0.07	0.01	
lr	Adult-Race	fairway	0.85	0.6	0.93	0.76	0.73	0.88	0.8	0.66	0.9	0.78	0.57	0.1	0.05	0.07	0.05	
lr	Adult-Race	fairsmote	0.82	0.79	0.83	0.81	0.61	0.92	0.76	0.69	0.87	0.78	0.57	0.12	0.04	0.02	0.06	
lr	Adult-Race	FairMask	0.85	0.6	0.93	0.76	0.73	0.87	0.8	0.66	0.9	0.78	0.56	0.09	0.05	0.06	0.05	
lr	Adult-Race	maat	0.84	0.53	0.94	0.74	0.76	0.86	0.81	0.63	0.9	0.76	0.55	0.06	0.02	0.02	0.06	
lr	Adult-Race	fitness_f	0.85	0.59	0.93	0.76	0.73	0.87	0.8	0.66	0.9	0.78	0.56	0.07	0.02	0.02	0.05	
lr	Compas-Sex	default	0.67	0.76	0.56	0.66	0.68	0.66	0.67	0.71	0.61	0.66	0.33	0.28	0.25	0.2	0.04	
lr	Compas-Sex	rw	0.66	0.76	0.56	0.66	0.67	0.65	0.66	0.71	0.6	0.66	0.32	0.05	0.04	0.03	0.02	
lr	Compas-Sex	dir	0.66	0.77	0.53	0.65	0.67	0.66	0.66	0.71	0.59	0.65	0.31	0.06	0.03	0.03	0.03	
lr	Compas-Sex	lfr	0.56	0.84	0.23	0.54	0.57	0.53	0.55	0.68	0.31	0.49	0.09	0.07	0.07	0.06	0.07	
lr	Compas-Sex	ceo1	0.66	0.78	0.52	0.65	0.66	0.66	0.66	0.71	0.58	0.65	0.31	0.44	0.45	0.29	0.02	
lr	Compas-Sex	eo	0.62	0.82	0.38	0.6	0.61	0.64	0.63	0.7	0.47	0.59	0.22	0.03	0.03	0.02	0.06	
lr	Compas-Sex	ad	0.66	0.71	0.6	0.65	0.68	0.63	0.66	0.69	0.61	0.65	0.31	0.28	0.26	0.2	0.03	
lr	Compas-Sex	pr	0.64	0.81	0.45	0.63	0.63	0.66	0.65	0.71	0.54	0.62	0.28	0.05	0.12	0.08	0.09	
lr	Compas-Sex	mfc1	0.48	0.1	0.93	0.51	0.63	0.47	0.55	0.17	0.62	0.4	0.05	0.02	0.03	0.0	0.09	
lr	Compas-Sex	roc1	0.66	0.66	0.65	0.66	0.7	0.62	0.66	0.68	0.63	0.66	0.31	0.04	0.05	0.04	0.03	
lr	Compas-Sex	fairway	0.66	0.79	0.5	0.65	0.66	0.67	0.66	0.72	0.57	0.64	0.31	0.2	0.17	0.13	0.04	
lr	Compas-Sex	fairsmote	0.65	0.72	0.58	0.65	0.67	0.63	0.65	0.69	0.6	0.65	0.3	0.09	0.06	0.04	0.02	
lr	Compas-Sex	FairMask	0.67	0.79	0.51	0.65	0.66	0.67	0.67	0.72	0.58	0.65	0.32	0.15	0.12	0.09	0.04	
lr	Compas-Sex	maat	0.67	0.81	0.5	0.65	0.66	0.68	0.67	0.73	0.58	0.65	0.33	0.17	0.14	0.1	0.03	
lr	Compas-Sex	fitness_f	0.67	0.75	0.56	0.66	0.67	0.65	0.66	0.71	0.6	0.66	0.32	0.07	0.05	0.04	0.02	
lr	Compas-Race	default	0.67	0.76	0.56	0.66	0.68	0.66	0.67	0.71	0.61	0.66	0.33	0.18	0.16	0.11	0.01	
lr	Compas-Race	rw	0.67	0.76	0.55	0.66	0.67	0.66	0.66	0.71	0.6	0.66	0.32	0.02	0.04	0.04	0.02	
lr	Compas-Race	dir	0.67	0.77	0.54	0.66	0.67	0.67	0.67	0.72	0.6	0.66	0.33	0.09	0.07	0.04	0.02	
lr	Compas-Race	lfr	0.56	0.85	0.22	0.53	0.57	0.55	0.56	0.68	0.3	0.49	0.09	0.04	0.05	0.04	0.06	
lr	Compas-Race	ceo1	0.65	0.82	0.44	0.63	0.64	0.68	0.66	0.72	0.54	0.63	0.29	0.44	0.45	0.28	0.06	
lr	Compas-Race	eo	0.64	0.81	0.43	0.62	0.63	0.65	0.64	0.71	0.52	0.61	0.26	0.03	0.02	0.02	0.04	
lr	Compas-Race	ad	0.66	0.72	0.58	0.65	0.68	0.64	0.66	0.7	0.61	0.65	0.31	0.13	0.11	0.09	0.02	
lr	Compas-Race	pr	0.68	0.75	0.6	0.67	0.69	0.67	0.68	0.72	0.63	0.67	0.35	0.14	0.11	0.1	0.02	
lr	Compas-Race	mfc1	0.48	0.1	0.94	0.52	0.64	0.47	0.55	0.17	0.62	0.4	0.06	0.03	0.03	0.02	0.07	
lr	Compas-Race	roc1	0.66	0.68	0.64	0.66	0.7	0.63	0.66	0.69	0.63	0.66	0.32	0.03	0.04	0.04	0.03	
lr	Compas-Race	fairway	0.67	0.77	0.55	0.66	0.67	0.66	0.67	0.72	0.6	0.66	0.32	0.15	0.12	0.08	0.02	
lr	Compas-Race	fairsmote	0.66	0.67	0.65	0.66	0.7	0.62	0.66	0.68	0.63	0.66	0.32	0.26	0.23	0.2	0.02	
lr	Compas-Race	FairMask	0.67	0.76	0.57	0.66	0.68	0.66	0.67	0.72	0.61	0.66	0.33	0.17	0.14	0.1	0.02	
lr	Compas-Race	maat	0.67	0.78	0.54	0.66	0.67	0.67	0.67	0.72	0.6	0.66	0.33	0.09	0.07	0.03	0.02	
lr	Compas-Race	fitness_f	0.67	0.74	0.57	0.66	0.68	0.65	0.66	0.71	0.61	0.66	0.32	0.02	0.05	0.06	0.02	
lr	German-Sex	default	0.75	0.87	0.46	0.67	0.79	0.62	0.7	0.83	0.53	0.68	0.37	0.11	0.1	0.07	0.05	
lr	German-Sex	rw	0.74	0.87	0.45	0.66	0.79	0.61	0.7	0.83	0.52	0.67	0.36	0.05	0.06	0.04	0.05	
lr	German-Sex	dir	0.75	0.88	0.44	0.66	0.78	0.62	0.7	0.83	0.51	0.67	0.36	0.08	0.06	0.05	0.06	
lr	German-Sex	lfr	0.7	1.0	0.0	0.5	0.7	0.04	0.37	0.82	0.0	0.41	0.0	0.0	0.0	0.0	0.08	
lr	German-Sex	ceo1	0.73	0.92	0.31	0.61	0.75	0.62	0.69	0.83	0.41	0.62	0.29	0.22	0.25	0.13	0.04	
lr	German-Sex	eo	0.74	0.87	0.44	0.66	0.78	0.6	0.69	0.82	0.5	0.66	0.34	0.06	0.07	0.05	0.06	
lr	German-Sex	ad	0.75	0.87	0.46	0.66	0.79	0.61	0.7	0.83	0.52	0.67	0.36	0.21	0.23	0.15	0.05	
lr	German-Sex	pr	0.73	0.88	0.35	0.62	0.77	0.55	0.66	0.82	0.43	0.62	0.27	0.06	0.06	0.09	0.08	
lr	German-Sex	mfc1	0.76	0.92	0.38	0.65	0.79	0.65	0.72	0.85	0.48	0.66	0.36	0.11	0.13	0.07	0.0	
lr	German-Sex	roc1	0.71	0.71	0.7	0.71	0.85	0.52	0.68	0.77	0.59	0.68	0.39	0.05	0.07	0.06	0.05	
lr	German-Sex	fairway	0.74	0.86	0.48	0.67	0.79	0.6	0.7	0.82	0.53	0.68	0.36	0.06	0.06	0.04	0.05	
lr	German-Sex	fairsmote	0.75	0.86	0.49	0.67	0.79	0.6	0.7	0.82	0.53	0.68	0.37	0.15	0.14	0.1	0.04	
lr	German-Sex	FairMask	0.75	0.87	0.47	0.67	0.79	0.61	0.7	0.83	0.53	0.68	0.37	0.07	0.06	0.04	0.05	
lr	German-Sex	maat	0.75	0.88	0.46	0.67	0.79	0.62	0.7	0.83	0.52	0.68	0.37	0.08	0.07	0.05	0.05	
lr	German-Sex	fitness_f	0.75	0.87	0.46	0.66	0.79	0.61	0.7	0.83	0.52	0.67	0.36	0.04	0.07	0.04	0.06	
lr	German-Age	default	0.75	0.87	0.46	0.67	0.79	0.62	0.7	0.83	0.53	0.68	0.37	0.21	0.17	0.16	0.1	
lr	German-Age	rw	0.75	0.88	0.45	0.66	0.79	0.61	0.7	0.83	0.52	0.67	0.36	0.06	0.07	0.05	0.1	
lr	German-Age	dir	0.74	0.9	0.39	0.64	0.77	0.64	0.71	0.83	0.47	0.65	0.34	0.1	0.08	0.06	0.1	
lr	German-Age	lfr	0.7	1.0	0.0	0.5	0.7	0.09	0.39	0.82	0.0	0.41	0.01	0.0	0.0	0.0	0.15	
lr	German-Age	ceo1	0.71	0.96	0.15	0.56	0.72	0.62	0.67	0.82	0.24	0.53	0.19	0.4	0.43	0.26	0.07	
lr	German-Age	eo	0.69	0.77	0.51	0.64	0.78	0.49	0.64	0.77	0.5	0.63	0.27	0.08	0.09	0.06	0.07	
lr	German-Age	ad	0.65	0.73	0.47	0.6	0.73	0.52	0.63	0.7	0.45	0.58	0.22	0.53	0.53	0.47	0.16	
lr	German-Age	pr	0.77	0.9	0.43	0.67	0.8	0.64	0.72	0.85	0.51	0.68	0.38	0.04	0.02	0.02	0.05	
lr	German-Age	mfc1	0.72	1.0	0.02	0.51	0.72	1.0	0.86	0.84	0.05	0.44	0.13	0.01	0.01	0.0	0.09	
lr	German-Age	roc1	0.7	0.7	0.7	0.7	0.85	0.51	0.68	0.77	0.59	0.68	0.38	0.07	0.1	0.07	0.07	
lr	German-Age	fairway	0.74	0.86	0.45	0.66	0.78	0.59	0.69	0.82	0.51	0.66	0.34	0.15	0.13	0.12	0.11	
lr	German-Age	fairsmote	0.74	0.88	0.41	0.65	0.78	0.6	0.69	0.82	0.49	0.65	0.33	0.22	0.19	0.18	0.11	
lr	German-Age	FairMask	0.75	0.86	0.5	0.68	0.8	0.61	0.7	0.83	0.55	0.69	0.38	0.15	0.12	0.11	0.1	
lr	German-Age	maat	0.75	0.87	0.47	0.67	0.79	0.61	0.7	0.83	0.53	0.68	0.37	0.12	0.09	0.09	0.1	
lr	German-Age	fitness_f	0.75	0.87	0.47	0.67	0.79	0.61	0.7	0.83	0.53	0.68	0.37	0.06	0.08	0.05	0.09	
lr	Bank-Age	default	0.9	0.4	0.97	0.68	0.67	0.92	0.79	0.5	0.94	0.72	0.46	0.09	0.08	0.13	0.06	
lr	Bank-Age	rw	0.9	0.39	0.97	0.68	0.67	0.92	0.79	0.5	0.94	0.72	0.46	0.02	0.04	0.06	0.07	
lr	Bank-Age	dir	0.89	0.37	0.97	0.67	0.65	0.91	0.78	0.47	0.94	0.7	0.44	0.14	0.16	0.26	0.06	
lr	Bank-Age	lfr	0.87	0.01	1.0	0.5	0.27	0.87	0.57	0.01	0.93	0.47	0.03	0.0	0.0	0.0	0.1	
lr	Bank-Age	ceo1	0.9	0.39	0.97	0.68	0.67	0.92	0.79	0.49	0.94	0.72	0.46	0.04	0.04	0.06	0.08	
lr	Bank-Age	eo	0.88	0.41	0.95	0.68	0.53	0.92	0.72	0.46	0.93	0.7	0.4	0.04	0.03	0.06	0.05	
lr	Bank-Age	ad	0.9	0.48	0.96	0.72	0.64	0.93	0.78	0.55	0.94	0.74	0.5	0.11	0.1	0.13	0.08	
lr	Bank-Age	pr	0.9	0.36	0.97	0.67	0.67	0.91	0.79	0.47	0.94	0.71	0.44	0.07	0.19	0.36	0.11	
lr	Bank-Age	mfc1	0.85	0.86	0.85	0.86	0.45	0.98	0.72	0.59	0.91	0.75	0.55	0.28	0.17	0.08	0.18	
lr	Bank-Age	roc1	0.89	0.2	0.99	0.59	0.73	0.9	0.81	0.31	0.94	0.62	0.34	0.05	0.06	0.1	0.06	
lr	Bank-Age	fairway	0.9	0.49	0.96	0.72	0.65	0.93	0.79	0.55	0.94	0.75	0.51	0.09	0.06	0.09	0.06	
lr	Bank-Age	fairsmote	0.89	0.2	0.98	0.59	0.64	0.9	0.77	0.3	0.94	0.62	0.31	0.26	0.34	0.52	0.09	
lr	Bank-Age	FairMask	0.9	0.41	0.97	0.69	0.66	0.92	0.79	0.5	0.94	0.72	0.47	0.09	0.07	0.11	0.06	
lr	Bank-Age	maat	0.9	0.41	0.97	0.69	0.66	0.92	0.79	0.5	0.94	0.72	0.47	0.05	0.03	0.04	0.06	
lr	Bank-Age	fitness_f	0.9	0.39	0.97	0.68	0.67	0.92	0.79	0.5	0.94	0.72	0.46	0.04	0.03	0.04	0.06	
lr	Mep-Race	default	0.86	0.4	0.96	0.68	0.68	0.89	0.78	0.5	0.92	0.71	0.45	0.12	0.11	0.18	0.08	
lr	Mep-Race	rw	0.86	0.36	0.96	0.66	0.67	0.88	0.78	0.47	0.92	0.7	0.43	0.04	0.02	0.04	0.09	
lr	Mep-Race	dir	0.86	0.39	0.96	0.68	0.68	0.88	0.78	0.5	0.92	0.71	0.44	0.09	0.06	0.09	0.08	
lr	Mep-Race	lfr	0.83	0.05	0.99	0.52	0.51	0.83	0.67	0.08	0.91	0.49	0.1	0.01	0.01	0.01	0.12	
lr	Mep-Race	ceo1	0.85	0.26	0.97	0.62	0.67	0.86	0.76	0.38	0.92	0.65	0.35	0.02	0.04	0.08	0.11	
lr	Mep-Race	eo	0.84	0.32	0.95	0.64	0.59	0.87	0.73	0.41	0.91	0.66	0.35	0.04	0.02	0.03	0.08	
lr	Mep-Race	ad	0.85	0.4	0.94	0.67	0.59	0.88	0.74	0.47	0.91	0.69	0.4	0.05	0.03	0.04	0.09	
lr	Mep-Race	pr	0.84	0.17	0.99	0.58	0.75	0.85	0.8	0.27	0.91	0.59	0.31	0.03	0.01	0.01	0.11	
lr	Mep-Race	mfc1	0.81	0.71	0.83	0.77	0.47	0.93	0.7	0.56	0.88	0.72	0.46	0.18	0.1	0.08	0.09	
lr	Mep-Race	roc1	0.78	0.72	0.79	0.76	0.42	0.93	0.68	0.53	0.86	0.69	0.43	0.04	0.04	0.05	0.01	
lr	Mep-Race	fairway	0.86	0.38	0.96	0.67	0.68	0.88	0.78	0.49	0.92	0.71	0.44	0.11	0.1	0.16	0.08	
lr	Mep-Race	fairsmote	0.86	0.36	0.96	0.66	0.66	0.88	0.77	0.47	0.92	0.69	0.42	0.16	0.19	0.3	0.08	
lr	Mep-Race	FairMask	0.86	0.41	0.96	0.68	0.67	0.89	0.78	0.5	0.92	0.71	0.45	0.09	0.07	0.1	0.08	
lr	Mep-Race	maat	0.86	0.35	0.97	0.66	0.69	0.88	0.78	0.47	0.92	0.69	0.43	0.07	0.04	0.06	0.08	
lr	Mep-Race	fitness_f	0.86	0.37	0.96	0.67	0.67	0.88	0.78	0.48	0.92	0.7	0.43	0.05	0.02	0.02	0.09	
rf	Adult-Sex	default	0.84	0.62	0.91	0.77	0.7	0.88	0.79	0.66	0.9	0.78	0.56	0.19	0.08	0.08	0.12	
rf	Adult-Sex	rw	0.84	0.61	0.92	0.76	0.71	0.88	0.79	0.66	0.9	0.78	0.56	0.18	0.07	0.07	0.12	
rf	Adult-Sex	dir	0.84	0.55	0.94	0.74	0.75	0.86	0.81	0.63	0.9	0.76	0.54	0.15	0.06	0.06	0.12	
rf	Adult-Sex	lfr	0.8	0.46	0.91	0.69	0.63	0.84	0.73	0.53	0.87	0.7	0.42	0.16	0.12	0.16	0.13	
rf	Adult-Sex	ceo1	0.84	0.61	0.91	0.76	0.7	0.88	0.79	0.65	0.9	0.78	0.55	0.19	0.08	0.06	0.12	
rf	Adult-Sex	eo	0.84	0.62	0.91	0.76	0.69	0.88	0.78	0.65	0.89	0.77	0.55	0.18	0.08	0.09	0.1	
rf	Adult-Sex	ad	
rf	Adult-Sex	pr	0.76	0.05	1.0	0.52	0.98	0.76	0.87	0.09	0.86	0.48	0.18	0.01	0.02	0.04	0.19	
rf	Adult-Sex	mfc1	
rf	Adult-Sex	roc1	0.78	0.71	0.8	0.75	0.54	0.89	0.71	0.61	0.84	0.73	0.47	0.06	0.2	0.26	0.07	
rf	Adult-Sex	fairway	0.85	0.6	0.93	0.76	0.73	0.88	0.8	0.66	0.9	0.78	0.57	0.18	0.09	0.1	0.12	
rf	Adult-Sex	fairsmote	0.83	0.67	0.89	0.78	0.66	0.89	0.77	0.66	0.89	0.78	0.55	0.22	0.11	0.1	0.12	
rf	Adult-Sex	FairMask	0.84	0.62	0.91	0.77	0.7	0.88	0.79	0.66	0.9	0.78	0.56	0.18	0.07	0.06	0.12	
rf	Adult-Sex	maat	0.84	0.54	0.94	0.74	0.76	0.86	0.81	0.63	0.9	0.77	0.55	0.12	0.04	0.04	0.12	
rf	Adult-Sex	fitness_f	0.84	0.58	0.93	0.75	0.73	0.87	0.8	0.64	0.9	0.77	0.55	0.14	0.04	0.02	0.12	
rf	Adult-Race	default	0.84	0.62	0.91	0.77	0.7	0.88	0.79	0.66	0.9	0.78	0.56	0.1	0.05	0.04	0.06	
rf	Adult-Race	rw	0.84	0.62	0.91	0.77	0.7	0.88	0.79	0.66	0.9	0.78	0.56	0.1	0.04	0.04	0.06	
rf	Adult-Race	dir	0.84	0.61	0.91	0.76	0.69	0.88	0.78	0.65	0.89	0.77	0.54	0.09	0.03	0.03	0.06	
rf	Adult-Race	lfr	0.8	0.48	0.91	0.69	0.63	0.84	0.74	0.55	0.87	0.71	0.43	0.1	0.1	0.17	0.05	
rf	Adult-Race	ceo1	0.84	0.62	0.91	0.77	0.7	0.88	0.79	0.66	0.9	0.78	0.56	0.1	0.05	0.05	0.06	
rf	Adult-Race	eo	0.84	0.62	0.91	0.77	0.7	0.88	0.79	0.66	0.9	0.78	0.55	0.1	0.05	0.07	0.05	
rf	Adult-Race	ad	
rf	Adult-Race	pr	0.85	0.59	0.93	0.76	0.74	0.87	0.81	0.66	0.9	0.78	0.56	0.11	0.07	0.1	0.05	
rf	Adult-Race	mfc1	
rf	Adult-Race	roc1	0.82	0.72	0.86	0.79	0.62	0.9	0.76	0.66	0.88	0.77	0.55	0.03	0.13	0.18	0.01	
rf	Adult-Race	fairway	0.85	0.6	0.93	0.76	0.73	0.88	0.8	0.66	0.9	0.78	0.57	0.1	0.05	0.07	0.05	
rf	Adult-Race	fairsmote	0.83	0.68	0.88	0.78	0.65	0.89	0.77	0.66	0.89	0.78	0.55	0.14	0.08	0.09	0.07	
rf	Adult-Race	FairMask	0.84	0.62	0.91	0.77	0.7	0.88	0.79	0.66	0.9	0.78	0.56	0.09	0.04	0.04	0.06	
rf	Adult-Race	maat	0.84	0.58	0.93	0.76	0.74	0.87	0.8	0.65	0.9	0.77	0.56	0.07	0.02	0.02	0.06	
rf	Adult-Race	fitness_f	0.84	0.62	0.91	0.77	0.7	0.88	0.79	0.66	0.9	0.78	0.56	0.08	0.03	0.03	0.06	
rf	Compas-Sex	default	0.65	0.69	0.6	0.64	0.67	0.62	0.64	0.68	0.61	0.64	0.29	0.17	0.14	0.12	0.03	
rf	Compas-Sex	rw	0.65	0.69	0.6	0.65	0.67	0.62	0.65	0.68	0.61	0.65	0.29	0.15	0.12	0.11	0.03	
rf	Compas-Sex	dir	0.63	0.68	0.56	0.62	0.65	0.6	0.62	0.67	0.58	0.62	0.24	0.05	0.04	0.04	0.04	
rf	Compas-Sex	lfr	0.6	0.65	0.55	0.6	0.63	0.57	0.6	0.64	0.56	0.6	0.2	0.13	0.11	0.09	0.03	
rf	Compas-Sex	ceo1	0.65	0.7	0.58	0.64	0.67	0.62	0.64	0.69	0.6	0.64	0.29	0.23	0.2	0.16	0.03	
rf	Compas-Sex	eo	0.65	0.69	0.59	0.64	0.67	0.61	0.64	0.68	0.6	0.64	0.28	0.15	0.12	0.1	0.03	
rf	Compas-Sex	ad	
rf	Compas-Sex	pr	0.64	0.81	0.45	0.63	0.63	0.66	0.65	0.71	0.54	0.62	0.28	0.05	0.12	0.08	0.09	
rf	Compas-Sex	mfc1	
rf	Compas-Sex	roc1	0.63	0.68	0.58	0.63	0.66	0.6	0.63	0.67	0.59	0.63	0.26	0.12	0.15	0.16	0.03	
rf	Compas-Sex	fairway	0.66	0.79	0.5	0.65	0.66	0.67	0.66	0.72	0.57	0.64	0.31	0.2	0.17	0.13	0.04	
rf	Compas-Sex	fairsmote	0.65	0.68	0.61	0.64	0.67	0.61	0.64	0.68	0.61	0.64	0.28	0.16	0.14	0.11	0.02	
rf	Compas-Sex	FairMask	0.65	0.68	0.6	0.64	0.67	0.61	0.64	0.68	0.61	0.64	0.29	0.11	0.08	0.06	0.02	
rf	Compas-Sex	maat	0.65	0.72	0.56	0.64	0.67	0.63	0.65	0.69	0.59	0.64	0.29	0.11	0.08	0.07	0.03	
rf	Compas-Sex	fitness_f	0.65	0.69	0.6	0.64	0.67	0.62	0.65	0.68	0.61	0.64	0.29	0.07	0.04	0.04	0.03	
rf	Compas-Race	default	0.65	0.69	0.6	0.64	0.67	0.62	0.64	0.68	0.61	0.64	0.29	0.14	0.12	0.09	0.02	
rf	Compas-Race	rw	0.65	0.69	0.6	0.65	0.67	0.62	0.65	0.68	0.61	0.65	0.29	0.13	0.11	0.08	0.02	
rf	Compas-Race	dir	0.63	0.67	0.57	0.62	0.65	0.59	0.62	0.66	0.58	0.62	0.24	0.06	0.04	0.04	0.02	
rf	Compas-Race	lfr	0.6	0.65	0.55	0.6	0.63	0.57	0.6	0.64	0.56	0.6	0.2	0.11	0.09	0.07	0.02	
rf	Compas-Race	ceo1	0.65	0.71	0.57	0.64	0.67	0.62	0.64	0.69	0.6	0.64	0.28	0.19	0.17	0.13	0.02	
rf	Compas-Race	eo	0.65	0.68	0.6	0.64	0.67	0.61	0.64	0.68	0.61	0.64	0.29	0.13	0.11	0.07	0.02	
rf	Compas-Race	ad	
rf	Compas-Race	pr	0.68	0.75	0.6	0.67	0.69	0.67	0.68	0.72	0.63	0.67	0.35	0.14	0.11	0.1	0.02	
rf	Compas-Race	mfc1	
rf	Compas-Race	roc1	0.64	0.67	0.6	0.64	0.67	0.6	0.64	0.67	0.6	0.64	0.28	0.05	0.06	0.08	0.02	
rf	Compas-Race	fairway	0.67	0.77	0.55	0.66	0.67	0.66	0.67	0.72	0.6	0.66	0.32	0.15	0.12	0.08	0.02	
rf	Compas-Race	fairsmote	0.65	0.67	0.61	0.64	0.68	0.61	0.64	0.67	0.61	0.64	0.28	0.12	0.1	0.07	0.02	
rf	Compas-Race	FairMask	0.65	0.68	0.6	0.64	0.67	0.61	0.64	0.68	0.61	0.64	0.29	0.14	0.11	0.09	0.02	
rf	Compas-Race	maat	0.65	0.71	0.58	0.64	0.67	0.62	0.65	0.69	0.6	0.64	0.29	0.1	0.08	0.05	0.02	
rf	Compas-Race	fitness_f	0.65	0.68	0.6	0.64	0.67	0.61	0.64	0.68	0.61	0.64	0.28	0.04	0.03	0.02	0.02	
rf	German-Sex	default	0.76	0.91	0.4	0.66	0.78	0.67	0.73	0.84	0.5	0.67	0.38	0.07	0.07	0.04	0.05	
rf	German-Sex	rw	0.75	0.91	0.39	0.65	0.78	0.66	0.72	0.84	0.49	0.66	0.37	0.07	0.07	0.04	0.04	
rf	German-Sex	dir	0.76	0.92	0.39	0.66	0.78	0.67	0.73	0.84	0.49	0.67	0.37	0.07	0.07	0.04	0.05	
rf	German-Sex	lfr	0.66	0.87	0.2	0.53	0.71	0.39	0.55	0.78	0.26	0.52	0.08	0.04	0.06	0.05	0.07	
rf	German-Sex	ceo1	0.75	0.92	0.37	0.65	0.77	0.68	0.73	0.84	0.47	0.66	0.36	0.08	0.08	0.04	0.05	
rf	German-Sex	eo	0.76	0.91	0.4	0.66	0.78	0.67	0.73	0.84	0.5	0.67	0.38	0.07	0.07	0.04	0.05	
rf	German-Sex	ad	
rf	German-Sex	pr	0.73	0.88	0.35	0.62	0.77	0.55	0.66	0.82	0.43	0.62	0.27	0.06	0.06	0.09	0.08	
rf	German-Sex	mfc1	
rf	German-Sex	roc1	0.68	0.76	0.48	0.62	0.78	0.53	0.65	0.76	0.45	0.61	0.26	0.36	0.42	0.31	0.08	
rf	German-Sex	fairway	0.74	0.86	0.48	0.67	0.79	0.6	0.7	0.82	0.53	0.68	0.36	0.06	0.06	0.04	0.05	
rf	German-Sex	fairsmote	0.75	0.87	0.5	0.68	0.8	0.62	0.71	0.83	0.55	0.69	0.39	0.05	0.06	0.04	0.04	
rf	German-Sex	FairMask	0.75	0.91	0.39	0.65	0.77	0.66	0.72	0.84	0.49	0.66	0.36	0.06	0.06	0.04	0.05	
rf	German-Sex	maat	0.76	0.92	0.37	0.65	0.77	0.68	0.73	0.84	0.48	0.66	0.37	0.06	0.06	0.04	0.05	
rf	German-Sex	fitness_f	0.76	0.92	0.38	0.65	0.77	0.68	0.73	0.84	0.48	0.66	0.37	0.05	0.06	0.03	0.05	
rf	German-Age	default	0.76	0.91	0.4	0.66	0.78	0.67	0.73	0.84	0.5	0.67	0.38	0.13	0.11	0.07	0.09	
rf	German-Age	rw	0.76	0.91	0.4	0.66	0.78	0.67	0.72	0.84	0.5	0.67	0.37	0.1	0.08	0.06	0.09	
rf	German-Age	dir	0.76	0.92	0.37	0.65	0.77	0.69	0.73	0.84	0.48	0.66	0.37	0.07	0.07	0.04	0.09	
rf	German-Age	lfr	0.66	0.86	0.2	0.53	0.71	0.39	0.55	0.78	0.26	0.52	0.08	0.05	0.07	0.05	0.11	
rf	German-Age	ceo1	0.75	0.93	0.32	0.63	0.76	0.68	0.72	0.84	0.44	0.64	0.34	0.15	0.14	0.08	0.08	
rf	German-Age	eo	0.76	0.91	0.4	0.66	0.78	0.67	0.73	0.84	0.5	0.67	0.38	0.13	0.11	0.07	0.09	
rf	German-Age	ad	
rf	German-Age	pr	0.77	0.9	0.43	0.67	0.8	0.64	0.72	0.85	0.51	0.68	0.38	0.04	0.02	0.02	0.05	
rf	German-Age	mfc1	
rf	German-Age	roc1	0.7	0.86	0.33	0.59	0.75	0.62	0.69	0.8	0.36	0.58	0.25	0.22	0.28	0.16	0.13	
rf	German-Age	fairway	0.74	0.86	0.45	0.66	0.78	0.59	0.69	0.82	0.51	0.66	0.34	0.15	0.13	0.12	0.11	
rf	German-Age	fairsmote	0.75	0.86	0.48	0.67	0.79	0.61	0.7	0.83	0.53	0.68	0.37	0.08	0.08	0.06	0.09	
rf	German-Age	FairMask	0.75	0.91	0.39	0.65	0.77	0.66	0.72	0.84	0.49	0.66	0.36	0.08	0.07	0.05	0.09	
rf	German-Age	maat	0.76	0.92	0.39	0.65	0.78	0.67	0.72	0.84	0.49	0.67	0.37	0.07	0.07	0.04	0.09	
rf	German-Age	fitness_f	0.76	0.92	0.38	0.65	0.77	0.68	0.73	0.84	0.48	0.66	0.37	0.06	0.06	0.04	0.09	
rf	Bank-Age	default	0.9	0.48	0.96	0.72	0.65	0.93	0.79	0.55	0.95	0.75	0.51	0.08	0.05	0.06	0.07	
rf	Bank-Age	rw	0.9	0.48	0.96	0.72	0.65	0.93	0.79	0.55	0.94	0.75	0.5	0.07	0.04	0.05	0.06	
rf	Bank-Age	dir	0.9	0.51	0.95	0.73	0.61	0.93	0.77	0.55	0.94	0.75	0.5	0.12	0.07	0.07	0.09	
rf	Bank-Age	lfr	0.87	0.12	0.98	0.55	0.43	0.89	0.66	0.19	0.93	0.56	0.18	0.01	0.03	0.04	0.1	
rf	Bank-Age	ceo1	0.9	0.49	0.96	0.73	0.65	0.93	0.79	0.56	0.94	0.75	0.51	0.08	0.05	0.06	0.07	
rf	Bank-Age	eo	0.9	0.48	0.96	0.72	0.65	0.93	0.79	0.55	0.95	0.75	0.51	0.08	0.05	0.06	0.07	
rf	Bank-Age	ad	
rf	Bank-Age	pr	0.9	0.36	0.97	0.67	0.67	0.91	0.79	0.47	0.94	0.71	0.44	0.07	0.19	0.36	0.11	
rf	Bank-Age	mfc1	
rf	Bank-Age	roc1	0.88	0.06	1.0	0.53	0.86	0.88	0.87	0.12	0.94	0.53	0.21	0.01	0.01	0.03	0.1	
rf	Bank-Age	fairway	0.9	0.49	0.96	0.72	0.65	0.93	0.79	0.55	0.94	0.75	0.51	0.09	0.06	0.09	0.06	
rf	Bank-Age	fairsmote	0.9	0.65	0.93	0.79	0.58	0.95	0.76	0.61	0.94	0.78	0.55	0.07	0.06	0.09	0.08	
rf	Bank-Age	FairMask	0.9	0.48	0.96	0.72	0.65	0.93	0.79	0.55	0.94	0.75	0.5	0.09	0.05	0.07	0.07	
rf	Bank-Age	maat	0.9	0.51	0.96	0.73	0.65	0.93	0.79	0.57	0.95	0.76	0.52	0.06	0.04	0.05	0.06	
rf	Bank-Age	fitness_f	0.9	0.49	0.96	0.73	0.65	0.93	0.79	0.56	0.95	0.75	0.51	0.07	0.04	0.06	0.07	
rf	Mep-Race	default	0.86	0.39	0.95	0.67	0.64	0.88	0.76	0.48	0.92	0.7	0.42	0.09	0.07	0.09	0.09	
rf	Mep-Race	rw	0.86	0.39	0.95	0.67	0.64	0.88	0.76	0.48	0.92	0.7	0.42	0.09	0.05	0.07	0.09	
rf	Mep-Race	dir	0.86	0.39	0.95	0.67	0.63	0.88	0.76	0.48	0.92	0.7	0.42	0.08	0.05	0.06	0.09	
rf	Mep-Race	lfr	0.82	0.18	0.95	0.57	0.45	0.85	0.65	0.26	0.9	0.58	0.2	0.03	0.02	0.02	0.11	
rf	Mep-Race	ceo1	0.86	0.39	0.95	0.67	0.63	0.88	0.76	0.48	0.92	0.7	0.42	0.09	0.05	0.06	0.09	
rf	Mep-Race	eo	0.86	0.39	0.96	0.67	0.64	0.88	0.76	0.48	0.92	0.7	0.42	0.09	0.06	0.08	0.09	
rf	Mep-Race	ad	
rf	Mep-Race	pr	0.84	0.17	0.99	0.58	0.75	0.85	0.8	0.27	0.91	0.59	0.31	0.03	0.01	0.01	0.11	
rf	Mep-Race	mfc1	
rf	Mep-Race	roc1	0.75	0.66	0.77	0.72	0.38	0.92	0.65	0.48	0.84	0.66	0.35	0.13	0.22	0.28	0.06	
rf	Mep-Race	fairway	0.86	0.38	0.96	0.67	0.68	0.88	0.78	0.49	0.92	0.71	0.44	0.11	0.1	0.16	0.08	
rf	Mep-Race	fairsmote	0.86	0.44	0.94	0.69	0.61	0.89	0.75	0.51	0.92	0.71	0.44	0.09	0.05	0.06	0.09	
rf	Mep-Race	FairMask	0.86	0.39	0.95	0.67	0.63	0.88	0.76	0.48	0.92	0.7	0.42	0.08	0.05	0.06	0.09	
rf	Mep-Race	maat	0.86	0.36	0.96	0.66	0.66	0.88	0.77	0.46	0.92	0.69	0.41	0.07	0.03	0.04	0.09	
rf	Mep-Race	fitness_f	0.86	0.39	0.95	0.67	0.63	0.88	0.76	0.48	0.92	0.7	0.42	0.07	0.03	0.03	0.09	
svm	Adult-Sex	default	0.85	0.59	0.93	0.76	0.74	0.87	0.81	0.66	0.9	0.78	0.57	0.18	0.08	0.09	0.12	
svm	Adult-Sex	rw	0.84	0.54	0.94	0.74	0.74	0.86	0.8	0.62	0.9	0.76	0.54	0.07	0.1	0.19	0.11	
svm	Adult-Sex	dir	0.85	0.6	0.93	0.76	0.74	0.87	0.81	0.66	0.9	0.78	0.57	0.18	0.09	0.1	0.12	
svm	Adult-Sex	lfr	0.75	0.05	0.99	0.52	0.44	0.76	0.6	0.09	0.86	0.47	0.08	0.01	0.03	0.06	0.19	
svm	Adult-Sex	ceo1	0.82	0.45	0.95	0.7	0.74	0.84	0.79	0.56	0.89	0.73	0.48	0.11	0.07	0.08	0.15	
svm	Adult-Sex	eo	0.82	0.55	0.91	0.73	0.67	0.86	0.76	0.6	0.88	0.74	0.49	0.09	0.01	0.02	0.07	
svm	Adult-Sex	ad	
svm	Adult-Sex	pr	0.76	0.05	1.0	0.52	0.98	0.76	0.87	0.09	0.86	0.48	0.18	0.01	0.02	0.04	0.19	
svm	Adult-Sex	mfc1	
svm	Adult-Sex	roc1	0.78	0.79	0.78	0.79	0.55	0.92	0.73	0.65	0.85	0.75	0.52	0.05	0.11	0.16	0.03	
svm	Adult-Sex	fairway	0.85	0.6	0.93	0.76	0.73	0.88	0.8	0.66	0.9	0.78	0.57	0.18	0.09	0.1	0.12	
svm	Adult-Sex	fairsmote	0.82	0.77	0.84	0.81	0.62	0.92	0.77	0.69	0.88	0.78	0.57	0.23	0.08	0.03	0.11	
svm	Adult-Sex	FairMask	0.85	0.59	0.93	0.76	0.74	0.87	0.81	0.66	0.9	0.78	0.57	0.17	0.08	0.08	0.12	
svm	Adult-Sex	maat	0.84	0.49	0.96	0.72	0.79	0.85	0.82	0.6	0.9	0.75	0.53	0.09	0.05	0.09	0.12	
svm	Adult-Sex	fitness_f	0.84	0.54	0.94	0.74	0.75	0.86	0.81	0.63	0.9	0.76	0.54	0.12	0.04	0.04	0.12	
svm	Adult-Race	default	0.85	0.59	0.93	0.76	0.74	0.87	0.81	0.66	0.9	0.78	0.57	0.1	0.05	0.07	0.05	
svm	Adult-Race	rw	0.85	0.59	0.93	0.76	0.74	0.87	0.81	0.65	0.9	0.78	0.56	0.04	0.04	0.07	0.05	
svm	Adult-Race	dir	0.85	0.6	0.93	0.76	0.74	0.87	0.81	0.66	0.9	0.78	0.57	0.07	0.02	0.03	0.05	
svm	Adult-Race	lfr	0.76	0.12	0.97	0.54	0.48	0.77	0.63	0.18	0.86	0.52	0.15	0.02	0.04	0.07	0.09	
svm	Adult-Race	ceo1	0.83	0.52	0.94	0.73	0.74	0.86	0.8	0.61	0.9	0.75	0.52	0.06	0.03	0.03	0.07	
svm	Adult-Race	eo	0.84	0.56	0.93	0.74	0.72	0.86	0.79	0.63	0.9	0.76	0.54	0.05	0.02	0.03	0.04	
svm	Adult-Race	ad	
svm	Adult-Race	pr	0.85	0.59	0.93	0.76	0.74	0.87	0.81	0.66	0.9	0.78	0.56	0.11	0.07	0.1	0.05	
svm	Adult-Race	mfc1	
svm	Adult-Race	roc1	0.8	0.85	0.78	0.81	0.56	0.94	0.75	0.67	0.85	0.76	0.56	0.04	0.04	0.06	0.01	
svm	Adult-Race	fairway	0.85	0.6	0.93	0.76	0.73	0.88	0.8	0.66	0.9	0.78	0.57	0.1	0.05	0.07	0.05	
svm	Adult-Race	fairsmote	0.82	0.8	0.82	0.81	0.6	0.93	0.76	0.68	0.87	0.78	0.57	0.12	0.04	0.02	0.06	
svm	Adult-Race	FairMask	0.85	0.59	0.93	0.76	0.74	0.87	0.81	0.66	0.9	0.78	0.57	0.09	0.04	0.05	0.05	
svm	Adult-Race	maat	0.84	0.52	0.95	0.73	0.78	0.86	0.82	0.62	0.9	0.76	0.55	0.05	0.02	0.04	0.06	
svm	Adult-Race	fitness_f	0.85	0.6	0.93	0.76	0.74	0.88	0.81	0.66	0.9	0.78	0.57	0.07	0.02	0.02	0.05	
svm	Compas-Sex	default	0.66	0.75	0.56	0.66	0.67	0.65	0.66	0.71	0.6	0.66	0.32	0.26	0.24	0.18	0.03	
svm	Compas-Sex	rw	0.66	0.75	0.55	0.65	0.67	0.65	0.66	0.71	0.59	0.65	0.31	0.06	0.05	0.03	0.02	
svm	Compas-Sex	dir	0.66	0.77	0.53	0.65	0.66	0.66	0.66	0.71	0.59	0.65	0.31	0.05	0.04	0.03	0.03	
svm	Compas-Sex	lfr	0.57	0.77	0.32	0.54	0.58	0.53	0.56	0.66	0.39	0.53	0.1	0.08	0.08	0.07	0.06	
svm	Compas-Sex	ceo1	0.66	0.79	0.49	0.64	0.65	0.66	0.66	0.72	0.57	0.64	0.3	0.42	0.42	0.27	0.02	
svm	Compas-Sex	eo	0.62	0.82	0.38	0.6	0.61	0.64	0.63	0.7	0.47	0.59	0.23	0.04	0.03	0.02	0.05	
svm	Compas-Sex	ad	
svm	Compas-Sex	pr	0.64	0.81	0.45	0.63	0.63	0.66	0.65	0.71	0.54	0.62	0.28	0.05	0.12	0.08	0.09	
svm	Compas-Sex	mfc1	
svm	Compas-Sex	roc1	0.65	0.65	0.66	0.65	0.7	0.61	0.65	0.67	0.63	0.65	0.3	0.04	0.05	0.05	0.03	
svm	Compas-Sex	fairway	0.66	0.79	0.5	0.65	0.66	0.67	0.66	0.72	0.57	0.64	0.31	0.2	0.17	0.13	0.04	
svm	Compas-Sex	fairsmote	0.65	0.72	0.56	0.64	0.67	0.63	0.65	0.69	0.59	0.64	0.29	0.09	0.06	0.04	0.02	
svm	Compas-Sex	FairMask	0.66	0.78	0.51	0.65	0.66	0.66	0.66	0.72	0.58	0.65	0.31	0.15	0.12	0.09	0.04	
svm	Compas-Sex	maat	0.66	0.82	0.47	0.65	0.65	0.69	0.67	0.73	0.56	0.64	0.32	0.16	0.14	0.09	0.04	
svm	Compas-Sex	fitness_f	0.66	0.77	0.53	0.65	0.66	0.66	0.66	0.71	0.59	0.65	0.31	0.07	0.06	0.03	0.02	
svm	Compas-Race	default	0.66	0.75	0.56	0.66	0.67	0.65	0.66	0.71	0.6	0.66	0.32	0.17	0.15	0.1	0.01	
svm	Compas-Race	rw	0.66	0.75	0.55	0.65	0.67	0.65	0.66	0.71	0.6	0.65	0.31	0.02	0.04	0.04	0.02	
svm	Compas-Race	dir	0.67	0.77	0.54	0.66	0.67	0.67	0.67	0.72	0.59	0.66	0.32	0.09	0.07	0.04	0.02	
svm	Compas-Race	lfr	0.57	0.78	0.31	0.54	0.58	0.53	0.56	0.66	0.39	0.52	0.1	0.06	0.07	0.06	0.04	
svm	Compas-Race	ceo1	0.65	0.83	0.42	0.63	0.64	0.68	0.66	0.72	0.52	0.62	0.29	0.41	0.42	0.26	0.06	
svm	Compas-Race	eo	0.63	0.81	0.42	0.62	0.63	0.65	0.64	0.71	0.51	0.61	0.25	0.03	0.03	0.02	0.04	
svm	Compas-Race	ad	
svm	Compas-Race	pr	0.68	0.75	0.6	0.67	0.69	0.67	0.68	0.72	0.63	0.67	0.35	0.14	0.11	0.1	0.02	
svm	Compas-Race	mfc1	
svm	Compas-Race	roc1	0.66	0.67	0.64	0.66	0.69	0.62	0.66	0.68	0.63	0.66	0.31	0.03	0.04	0.04	0.03	
svm	Compas-Race	fairway	0.67	0.77	0.55	0.66	0.67	0.66	0.67	0.72	0.6	0.66	0.32	0.15	0.12	0.08	0.02	
svm	Compas-Race	fairsmote	0.66	0.68	0.63	0.65	0.69	0.62	0.65	0.68	0.62	0.65	0.31	0.24	0.22	0.18	0.01	
svm	Compas-Race	FairMask	0.66	0.75	0.56	0.66	0.67	0.65	0.66	0.71	0.6	0.66	0.32	0.16	0.14	0.09	0.01	
svm	Compas-Race	maat	0.66	0.79	0.5	0.65	0.66	0.67	0.66	0.72	0.58	0.65	0.31	0.09	0.07	0.03	0.02	
svm	Compas-Race	fitness_f	0.66	0.76	0.54	0.65	0.67	0.65	0.66	0.71	0.59	0.65	0.31	0.02	0.05	0.06	0.02	
svm	German-Sex	default	0.75	0.87	0.47	0.67	0.79	0.61	0.7	0.83	0.53	0.68	0.37	0.11	0.1	0.07	0.04	
svm	German-Sex	rw	0.74	0.87	0.46	0.66	0.79	0.6	0.7	0.82	0.52	0.67	0.36	0.06	0.06	0.04	0.05	
svm	German-Sex	dir	0.75	0.88	0.45	0.66	0.79	0.61	0.7	0.83	0.52	0.67	0.36	0.08	0.07	0.05	0.05	
svm	German-Sex	lfr	0.7	0.99	0.02	0.51	0.7	0.3	0.5	0.82	0.04	0.43	0.03	0.01	0.01	0.01	0.08	
svm	German-Sex	ceo1	0.73	0.95	0.23	0.59	0.74	0.65	0.69	0.83	0.33	0.58	0.26	0.18	0.2	0.1	0.05	
svm	German-Sex	eo	0.74	0.91	0.34	0.63	0.76	0.62	0.69	0.83	0.44	0.63	0.31	0.04	0.06	0.04	0.06	
svm	German-Sex	ad	
svm	German-Sex	pr	0.73	0.88	0.35	0.62	0.77	0.55	0.66	0.82	0.43	0.62	0.27	0.06	0.06	0.09	0.08	
svm	German-Sex	mfc1	
svm	German-Sex	roc1	0.71	0.7	0.72	0.71	0.85	0.52	0.68	0.77	0.6	0.68	0.39	0.07	0.07	0.07	0.05	
svm	German-Sex	fairway	0.74	0.86	0.48	0.67	0.79	0.6	0.7	0.82	0.53	0.68	0.36	0.06	0.06	0.04	0.05	
svm	German-Sex	fairsmote	0.74	0.86	0.49	0.67	0.79	0.6	0.7	0.82	0.53	0.68	0.37	0.15	0.14	0.09	0.04	
svm	German-Sex	FairMask	0.75	0.86	0.48	0.67	0.79	0.6	0.7	0.83	0.53	0.68	0.37	0.06	0.06	0.04	0.05	
svm	German-Sex	maat	0.74	0.92	0.35	0.63	0.76	0.65	0.71	0.83	0.45	0.64	0.33	0.06	0.06	0.04	0.06	
svm	German-Sex	fitness_f	0.74	0.91	0.36	0.64	0.77	0.64	0.7	0.83	0.46	0.65	0.33	0.04	0.06	0.03	0.06	
svm	German-Age	default	0.75	0.87	0.47	0.67	0.79	0.61	0.7	0.83	0.53	0.68	0.37	0.2	0.17	0.16	0.1	
svm	German-Age	rw	0.75	0.87	0.46	0.66	0.79	0.61	0.7	0.83	0.52	0.67	0.36	0.06	0.07	0.05	0.09	
svm	German-Age	dir	0.75	0.89	0.44	0.66	0.78	0.63	0.71	0.83	0.51	0.67	0.36	0.12	0.09	0.08	0.09	
svm	German-Age	lfr	0.7	0.99	0.02	0.51	0.7	0.34	0.52	0.82	0.03	0.43	0.04	0.01	0.01	0.01	0.15	
svm	German-Age	ceo1	0.71	0.97	0.13	0.55	0.72	0.66	0.69	0.83	0.21	0.52	0.19	0.31	0.34	0.19	0.07	
svm	German-Age	eo	0.71	0.84	0.4	0.62	0.76	0.53	0.64	0.8	0.45	0.62	0.26	0.08	0.08	0.05	0.08	
svm	German-Age	ad	
svm	German-Age	pr	0.77	0.9	0.43	0.67	0.8	0.64	0.72	0.85	0.51	0.68	0.38	0.04	0.02	0.02	0.05	
svm	German-Age	mfc1	
svm	German-Age	roc1	0.7	0.7	0.7	0.7	0.85	0.51	0.68	0.77	0.59	0.68	0.38	0.06	0.09	0.06	0.06	
svm	German-Age	fairway	0.74	0.86	0.45	0.66	0.78	0.59	0.69	0.82	0.51	0.66	0.34	0.15	0.13	0.12	0.11	
svm	German-Age	fairsmote	0.74	0.88	0.42	0.65	0.78	0.6	0.69	0.82	0.49	0.66	0.33	0.22	0.18	0.17	0.11	
svm	German-Age	FairMask	0.75	0.86	0.5	0.68	0.8	0.6	0.7	0.82	0.54	0.68	0.37	0.14	0.11	0.11	0.1	
svm	German-Age	maat	0.75	0.92	0.36	0.64	0.77	0.66	0.71	0.83	0.46	0.65	0.34	0.1	0.09	0.07	0.09	
svm	German-Age	fitness_f	0.75	0.91	0.37	0.64	0.77	0.65	0.71	0.83	0.47	0.65	0.34	0.05	0.07	0.04	0.1	
svm	Bank-Age	default	0.9	0.38	0.97	0.67	0.67	0.92	0.79	0.48	0.94	0.71	0.45	0.07	0.05	0.08	0.06	
svm	Bank-Age	rw	0.9	0.37	0.97	0.67	0.68	0.92	0.8	0.48	0.94	0.71	0.45	0.02	0.03	0.06	0.07	
svm	Bank-Age	dir	0.89	0.41	0.96	0.69	0.63	0.92	0.78	0.49	0.94	0.72	0.45	0.15	0.17	0.25	0.06	
svm	Bank-Age	lfr	0.87	0.0	1.0	0.5	0.07	0.87	0.47	0.0	0.93	0.47	0.0	0.0	0.0	0.0	0.1	
svm	Bank-Age	ceo1	0.9	0.41	0.97	0.69	0.66	0.92	0.79	0.5	0.94	0.72	0.47	0.04	0.04	0.07	0.08	
svm	Bank-Age	eo	0.88	0.43	0.94	0.69	0.53	0.92	0.72	0.47	0.93	0.7	0.41	0.04	0.03	0.05	0.05	
svm	Bank-Age	ad	
svm	Bank-Age	pr	0.9	0.36	0.97	0.67	0.67	0.91	0.79	0.47	0.94	0.71	0.44	0.07	0.19	0.36	0.11	
svm	Bank-Age	mfc1	
svm	Bank-Age	roc1	0.89	0.2	0.99	0.6	0.74	0.9	0.82	0.31	0.94	0.63	0.34	0.05	0.05	0.09	0.06	
svm	Bank-Age	fairway	0.9	0.49	0.96	0.72	0.65	0.93	0.79	0.55	0.94	0.75	0.51	0.09	0.06	0.09	0.06	
svm	Bank-Age	fairsmote	0.89	0.22	0.98	0.6	0.65	0.9	0.77	0.32	0.94	0.63	0.33	0.21	0.28	0.44	0.08	
svm	Bank-Age	FairMask	0.9	0.38	0.97	0.68	0.67	0.92	0.79	0.49	0.94	0.72	0.46	0.06	0.04	0.06	0.06	
svm	Bank-Age	maat	0.9	0.42	0.97	0.7	0.66	0.92	0.79	0.52	0.94	0.73	0.48	0.05	0.03	0.04	0.07	
svm	Bank-Age	fitness_f	0.9	0.41	0.97	0.69	0.66	0.92	0.79	0.51	0.94	0.73	0.47	0.04	0.03	0.04	0.07	
svm	Mep-Race	default	0.86	0.37	0.96	0.67	0.68	0.88	0.78	0.48	0.92	0.7	0.44	0.1	0.08	0.12	0.08	
svm	Mep-Race	rw	0.86	0.34	0.97	0.66	0.68	0.88	0.78	0.46	0.92	0.69	0.42	0.04	0.02	0.03	0.09	
svm	Mep-Race	dir	0.86	0.37	0.96	0.67	0.68	0.88	0.78	0.48	0.92	0.7	0.43	0.08	0.04	0.06	0.09	
svm	Mep-Race	lfr	0.83	0.03	1.0	0.51	0.47	0.83	0.65	0.05	0.91	0.48	0.07	0.0	0.01	0.01	0.13	
svm	Mep-Race	ceo1	0.85	0.27	0.97	0.62	0.67	0.87	0.77	0.39	0.92	0.65	0.36	0.02	0.05	0.08	0.11	
svm	Mep-Race	eo	0.85	0.32	0.96	0.64	0.6	0.87	0.74	0.42	0.91	0.67	0.36	0.04	0.02	0.03	0.08	
svm	Mep-Race	ad	
svm	Mep-Race	pr	0.84	0.17	0.99	0.58	0.75	0.85	0.8	0.27	0.91	0.59	0.31	0.03	0.01	0.01	0.11	
svm	Mep-Race	mfc1	
svm	Mep-Race	roc1	0.79	0.72	0.8	0.76	0.43	0.93	0.68	0.54	0.86	0.7	0.43	0.04	0.04	0.06	0.01	
svm	Mep-Race	fairway	0.86	0.38	0.96	0.67	0.68	0.88	0.78	0.49	0.92	0.71	0.44	0.11	0.1	0.16	0.08	
svm	Mep-Race	fairsmote	0.86	0.34	0.97	0.65	0.68	0.88	0.78	0.45	0.92	0.68	0.41	0.14	0.16	0.26	0.08	
svm	Mep-Race	FairMask	0.86	0.38	0.96	0.67	0.68	0.88	0.78	0.48	0.92	0.7	0.44	0.08	0.05	0.07	0.08	
svm	Mep-Race	maat	0.86	0.34	0.97	0.66	0.69	0.88	0.79	0.46	0.92	0.69	0.42	0.07	0.03	0.05	0.09	
svm	Mep-Race	fitness_f	0.86	0.36	0.96	0.66	0.68	0.88	0.78	0.47	0.92	0.7	0.43	0.05	0.02	0.02	0.09	
dl2	Adult-Sex	default	0.85	0.61	0.92	0.77	0.73	0.88	0.8	0.66	0.9	0.78	0.57	0.18	0.08	0.08	0.11	
dl2	Adult-Sex	rw	0.84	0.56	0.93	0.75	0.73	0.87	0.8	0.63	0.9	0.77	0.54	0.08	0.09	0.16	0.1	
dl2	Adult-Sex	dir	0.84	0.59	0.93	0.76	0.73	0.87	0.8	0.65	0.9	0.77	0.56	0.17	0.08	0.09	0.11	
dl2	Adult-Sex	lfr	0.75	0.04	0.99	0.52	0.17	0.76	0.46	0.06	0.86	0.46	0.05	0.01	0.01	0.02	0.19	
dl2	Adult-Sex	ceo1	0.84	0.56	0.93	0.74	0.73	0.87	0.8	0.63	0.9	0.76	0.54	0.15	0.05	0.03	0.12	
dl2	Adult-Sex	eo	0.83	0.6	0.9	0.75	0.67	0.87	0.77	0.63	0.89	0.76	0.52	0.11	0.02	0.03	0.06	
dl2	Adult-Sex	ad	
dl2	Adult-Sex	pr	0.76	0.05	1.0	0.52	0.98	0.76	0.87	0.09	0.86	0.48	0.18	0.01	0.02	0.04	0.19	
dl2	Adult-Sex	mfc1	
dl2	Adult-Sex	roc1	0.78	0.79	0.78	0.79	0.54	0.92	0.73	0.65	0.84	0.74	0.52	0.05	0.1	0.14	0.03	
dl2	Adult-Sex	fairway	0.85	0.6	0.93	0.76	0.73	0.88	0.8	0.66	0.9	0.78	0.57	0.18	0.09	0.1	0.12	
dl2	Adult-Sex	fairsmote	0.82	0.67	0.87	0.77	0.64	0.89	0.76	0.65	0.88	0.76	0.53	0.15	0.08	0.09	0.1	
dl2	Adult-Sex	FairMask	0.85	0.62	0.92	0.77	0.72	0.88	0.8	0.67	0.9	0.78	0.57	0.19	0.09	0.09	0.11	
dl2	Adult-Sex	maat	0.84	0.5	0.95	0.73	0.78	0.85	0.82	0.61	0.9	0.75	0.54	0.1	0.05	0.08	0.12	
dl2	Adult-Sex	fitness_f	0.84	0.54	0.94	0.74	0.74	0.86	0.8	0.62	0.9	0.76	0.54	0.12	0.04	0.04	0.12	
dl2	Adult-Race	default	0.85	0.61	0.92	0.77	0.73	0.88	0.8	0.66	0.9	0.78	0.57	0.09	0.04	0.05	0.05	
dl2	Adult-Race	rw	0.85	0.59	0.93	0.76	0.73	0.87	0.8	0.65	0.9	0.78	0.56	0.04	0.04	0.07	0.04	
dl2	Adult-Race	dir	0.85	0.62	0.92	0.77	0.73	0.88	0.8	0.67	0.9	0.78	0.57	0.07	0.02	0.03	0.05	
dl2	Adult-Race	lfr	0.76	0.11	0.97	0.54	0.26	0.77	0.52	0.13	0.86	0.49	0.11	0.01	0.02	0.04	0.09	
dl2	Adult-Race	ceo1	0.85	0.61	0.93	0.77	0.73	0.88	0.8	0.66	0.9	0.78	0.57	0.1	0.07	0.1	0.04	
dl2	Adult-Race	eo	0.84	0.61	0.92	0.76	0.71	0.88	0.8	0.66	0.9	0.78	0.56	0.06	0.04	0.07	0.01	
dl2	Adult-Race	ad	
dl2	Adult-Race	pr	0.85	0.59	0.93	0.76	0.74	0.87	0.81	0.66	0.9	0.78	0.56	0.11	0.07	0.1	0.05	
dl2	Adult-Race	mfc1	
dl2	Adult-Race	roc1	0.81	0.83	0.8	0.81	0.58	0.93	0.76	0.68	0.86	0.77	0.57	0.04	0.04	0.06	0.01	
dl2	Adult-Race	fairway	0.85	0.6	0.93	0.76	0.73	0.88	0.8	0.66	0.9	0.78	0.57	0.1	0.05	0.07	0.05	
dl2	Adult-Race	fairsmote	0.82	0.65	0.87	0.76	0.63	0.88	0.76	0.64	0.88	0.76	0.52	0.04	0.06	0.11	0.05	
dl2	Adult-Race	FairMask	0.85	0.62	0.92	0.77	0.72	0.88	0.8	0.67	0.9	0.78	0.57	0.1	0.05	0.06	0.05	
dl2	Adult-Race	maat	0.85	0.55	0.94	0.75	0.76	0.87	0.81	0.64	0.9	0.77	0.56	0.06	0.02	0.03	0.05	
dl2	Adult-Race	fitness_f	0.85	0.63	0.92	0.77	0.72	0.88	0.8	0.67	0.9	0.78	0.57	0.06	0.03	0.04	0.05	
dl2	Compas-Sex	default	0.65	0.7	0.6	0.65	0.68	0.62	0.65	0.69	0.61	0.65	0.3	0.19	0.16	0.13	0.03	
dl2	Compas-Sex	rw	0.65	0.71	0.58	0.64	0.67	0.62	0.65	0.69	0.6	0.64	0.29	0.07	0.06	0.04	0.02	
dl2	Compas-Sex	dir	0.66	0.74	0.56	0.65	0.67	0.65	0.66	0.7	0.6	0.65	0.31	0.06	0.04	0.03	0.03	
dl2	Compas-Sex	lfr	0.55	1.0	0.0	0.5	0.55	0.0	0.27	0.71	0.0	0.35	0.0	0.0	0.0	0.0	0.13	
dl2	Compas-Sex	ceo1	0.65	0.74	0.55	0.64	0.66	0.63	0.65	0.7	0.59	0.64	0.29	0.38	0.38	0.26	0.02	
dl2	Compas-Sex	eo	0.64	0.7	0.57	0.63	0.66	0.61	0.64	0.68	0.59	0.63	0.27	0.07	0.06	0.03	0.03	
dl2	Compas-Sex	ad	
dl2	Compas-Sex	pr	0.64	0.81	0.45	0.63	0.63	0.66	0.65	0.71	0.54	0.62	0.28	0.05	0.12	0.08	0.09	
dl2	Compas-Sex	mfc1	
dl2	Compas-Sex	roc1	0.65	0.67	0.62	0.65	0.68	0.61	0.65	0.68	0.61	0.65	0.29	0.04	0.04	0.03	0.03	
dl2	Compas-Sex	fairway	0.66	0.79	0.5	0.65	0.66	0.67	0.66	0.72	0.57	0.64	0.31	0.2	0.17	0.13	0.04	
dl2	Compas-Sex	fairsmote	0.63	0.66	0.59	0.62	0.66	0.59	0.62	0.66	0.59	0.62	0.25	0.1	0.08	0.08	0.03	
dl2	Compas-Sex	FairMask	0.66	0.7	0.6	0.65	0.68	0.63	0.66	0.69	0.62	0.65	0.31	0.22	0.2	0.16	0.03	
dl2	Compas-Sex	maat	0.66	0.76	0.54	0.65	0.67	0.65	0.66	0.71	0.59	0.65	0.31	0.15	0.12	0.08	0.03	
dl2	Compas-Sex	fitness_f	0.65	0.71	0.59	0.65	0.68	0.63	0.65	0.69	0.61	0.65	0.3	0.07	0.05	0.04	0.02	
dl2	Compas-Race	default	0.65	0.7	0.6	0.65	0.68	0.63	0.65	0.69	0.61	0.65	0.3	0.16	0.14	0.1	0.02	
dl2	Compas-Race	rw	0.65	0.7	0.59	0.64	0.67	0.62	0.65	0.68	0.6	0.64	0.29	0.05	0.05	0.03	0.03	
dl2	Compas-Race	dir	0.65	0.75	0.55	0.65	0.67	0.63	0.65	0.7	0.58	0.64	0.3	0.08	0.05	0.04	0.02	
dl2	Compas-Race	lfr	0.55	1.0	0.0	0.5	0.55	0.0	0.27	0.71	0.0	0.35	0.0	0.0	0.0	0.0	0.1	
dl2	Compas-Race	ceo1	0.65	0.74	0.54	0.64	0.66	0.63	0.65	0.7	0.58	0.64	0.29	0.29	0.28	0.2	0.03	
dl2	Compas-Race	eo	0.63	0.7	0.55	0.63	0.65	0.61	0.63	0.68	0.57	0.62	0.26	0.05	0.04	0.02	0.02	
dl2	Compas-Race	ad	
dl2	Compas-Race	pr	0.68	0.75	0.6	0.67	0.69	0.67	0.68	0.72	0.63	0.67	0.35	0.14	0.11	0.1	0.02	
dl2	Compas-Race	mfc1	
dl2	Compas-Race	roc1	0.65	0.66	0.63	0.64	0.68	0.61	0.64	0.67	0.62	0.64	0.29	0.03	0.04	0.03	0.03	
dl2	Compas-Race	fairway	0.67	0.77	0.55	0.66	0.67	0.66	0.67	0.72	0.6	0.66	0.32	0.15	0.12	0.08	0.02	
dl2	Compas-Race	fairsmote	0.62	0.66	0.58	0.62	0.66	0.59	0.62	0.65	0.58	0.62	0.24	0.16	0.14	0.14	0.03	
dl2	Compas-Race	FairMask	0.66	0.71	0.59	0.65	0.68	0.63	0.65	0.69	0.61	0.65	0.31	0.18	0.15	0.12	0.02	
dl2	Compas-Race	maat	0.66	0.72	0.58	0.65	0.68	0.64	0.66	0.69	0.6	0.65	0.31	0.1	0.08	0.05	0.02	
dl2	Compas-Race	fitness_f	0.65	0.68	0.61	0.65	0.68	0.62	0.65	0.68	0.61	0.65	0.29	0.04	0.05	0.05	0.03	
dl2	German-Sex	default	0.73	0.84	0.48	0.66	0.79	0.57	0.68	0.81	0.52	0.67	0.34	0.09	0.09	0.06	0.04	
dl2	German-Sex	rw	0.72	0.83	0.49	0.66	0.79	0.56	0.67	0.81	0.52	0.66	0.33	0.07	0.07	0.05	0.04	
dl2	German-Sex	dir	0.73	0.83	0.51	0.67	0.8	0.57	0.68	0.81	0.53	0.67	0.35	0.09	0.09	0.06	0.04	
dl2	German-Sex	lfr	0.7	1.0	0.0	0.5	0.7	0.0	0.35	0.82	0.0	0.41	0.0	0.0	0.0	0.0	0.08	
dl2	German-Sex	ceo1	0.73	0.85	0.45	0.65	0.78	0.58	0.68	0.81	0.5	0.66	0.33	0.12	0.13	0.08	0.05	
dl2	German-Sex	eo	0.73	0.83	0.5	0.66	0.79	0.56	0.67	0.81	0.52	0.66	0.34	0.07	0.07	0.05	0.05	
dl2	German-Sex	ad	
dl2	German-Sex	pr	0.73	0.88	0.35	0.62	0.77	0.55	0.66	0.82	0.43	0.62	0.27	0.06	0.06	0.09	0.08	
dl2	German-Sex	mfc1	
dl2	German-Sex	roc1	0.72	0.79	0.56	0.68	0.81	0.54	0.67	0.8	0.55	0.67	0.35	0.06	0.08	0.06	0.04	
dl2	German-Sex	fairway	0.74	0.86	0.48	0.67	0.79	0.6	0.7	0.82	0.53	0.68	0.36	0.06	0.06	0.04	0.05	
dl2	German-Sex	fairsmote	0.72	0.81	0.51	0.66	0.79	0.55	0.67	0.8	0.52	0.66	0.33	0.1	0.1	0.08	0.06	
dl2	German-Sex	FairMask	0.71	0.96	0.15	0.55	0.72	0.41	0.57	0.82	0.19	0.51	0.14	0.05	0.05	0.04	0.08	
dl2	German-Sex	maat	0.72	0.96	0.19	0.57	0.73	0.58	0.65	0.83	0.26	0.54	0.21	0.05	0.05	0.03	0.07	
dl2	German-Sex	fitness_f	0.73	0.89	0.35	0.62	0.76	0.52	0.64	0.82	0.4	0.61	0.27	0.04	0.06	0.04	0.06	
dl2	German-Age	default	0.73	0.84	0.49	0.66	0.79	0.57	0.68	0.81	0.52	0.67	0.34	0.19	0.16	0.15	0.09	
dl2	German-Age	rw	0.73	0.83	0.5	0.67	0.79	0.57	0.68	0.81	0.53	0.67	0.34	0.11	0.1	0.07	0.07	
dl2	German-Age	dir	0.73	0.83	0.49	0.66	0.79	0.57	0.68	0.81	0.52	0.66	0.34	0.11	0.1	0.09	0.09	
dl2	German-Age	lfr	0.7	1.0	0.0	0.5	0.7	0.0	0.35	0.82	0.0	0.41	0.0	0.0	0.0	0.0	0.15	
dl2	German-Age	ceo1	0.72	0.89	0.33	0.61	0.75	0.57	0.66	0.82	0.41	0.61	0.26	0.32	0.31	0.23	0.08	
dl2	German-Age	eo	0.71	0.8	0.51	0.65	0.79	0.54	0.66	0.8	0.51	0.65	0.32	0.13	0.11	0.1	0.08	
dl2	German-Age	ad	
dl2	German-Age	pr	0.77	0.9	0.43	0.67	0.8	0.64	0.72	0.85	0.51	0.68	0.38	0.04	0.02	0.02	0.05	
dl2	German-Age	mfc1	
dl2	German-Age	roc1	0.71	0.78	0.55	0.67	0.8	0.52	0.66	0.79	0.53	0.66	0.33	0.06	0.11	0.07	0.07	
dl2	German-Age	fairway	0.74	0.86	0.45	0.66	0.78	0.59	0.69	0.82	0.51	0.66	0.34	0.15	0.13	0.12	0.11	
dl2	German-Age	fairsmote	0.7	0.78	0.52	0.65	0.79	0.52	0.66	0.78	0.51	0.65	0.31	0.09	0.09	0.08	0.08	
dl2	German-Age	FairMask	0.7	0.97	0.1	0.54	0.71	0.4	0.56	0.82	0.14	0.48	0.11	0.05	0.06	0.04	0.14	
dl2	German-Age	maat	0.72	0.94	0.23	0.58	0.74	0.61	0.68	0.82	0.31	0.56	0.23	0.06	0.07	0.05	0.12	
dl2	German-Age	fitness_f	0.73	0.88	0.38	0.63	0.77	0.56	0.66	0.82	0.43	0.63	0.29	0.07	0.07	0.05	0.1	
dl2	Bank-Age	default	0.9	0.54	0.95	0.75	0.6	0.94	0.77	0.57	0.94	0.76	0.51	0.09	0.06	0.07	0.07	
dl2	Bank-Age	rw	0.9	0.53	0.95	0.74	0.61	0.93	0.77	0.56	0.94	0.75	0.51	0.03	0.06	0.1	0.07	
dl2	Bank-Age	dir	0.89	0.54	0.93	0.74	0.55	0.94	0.74	0.53	0.93	0.73	0.48	0.21	0.17	0.19	0.12	
dl2	Bank-Age	lfr	0.87	0.01	1.0	0.51	0.13	0.88	0.5	0.02	0.93	0.48	0.03	0.0	0.0	0.0	0.1	
dl2	Bank-Age	ceo1	0.9	0.53	0.95	0.74	0.61	0.93	0.77	0.56	0.94	0.75	0.51	0.06	0.05	0.07	0.08	
dl2	Bank-Age	eo	0.88	0.55	0.93	0.74	0.54	0.93	0.74	0.54	0.93	0.73	0.47	0.06	0.04	0.05	0.06	
dl2	Bank-Age	ad	
dl2	Bank-Age	pr	0.9	0.36	0.97	0.67	0.67	0.91	0.79	0.47	0.94	0.71	0.44	0.07	0.19	0.36	0.11	
dl2	Bank-Age	mfc1	
dl2	Bank-Age	roc1	0.89	0.17	0.99	0.58	0.67	0.89	0.78	0.26	0.94	0.6	0.3	0.04	0.04	0.07	0.08	
dl2	Bank-Age	fairway	0.9	0.49	0.96	0.72	0.65	0.93	0.79	0.55	0.94	0.75	0.51	0.09	0.06	0.09	0.06	
dl2	Bank-Age	fairsmote	0.88	0.26	0.97	0.61	0.55	0.9	0.72	0.34	0.93	0.64	0.31	0.15	0.18	0.27	0.08	
dl2	Bank-Age	FairMask	0.9	0.56	0.95	0.76	0.61	0.94	0.77	0.58	0.94	0.76	0.53	0.1	0.06	0.06	0.07	
dl2	Bank-Age	maat	0.9	0.58	0.95	0.76	0.61	0.94	0.78	0.59	0.94	0.77	0.54	0.05	0.05	0.08	0.06	
dl2	Bank-Age	fitness_f	0.9	0.57	0.94	0.76	0.6	0.94	0.77	0.58	0.94	0.76	0.53	0.05	0.05	0.08	0.07	
dl2	Mep-Race	default	0.85	0.39	0.94	0.67	0.59	0.88	0.74	0.47	0.91	0.69	0.4	0.11	0.09	0.13	0.09	
dl2	Mep-Race	rw	0.84	0.39	0.94	0.66	0.57	0.88	0.72	0.46	0.91	0.68	0.38	0.05	0.03	0.04	0.08	
dl2	Mep-Race	dir	0.85	0.4	0.94	0.67	0.58	0.88	0.73	0.47	0.91	0.69	0.4	0.09	0.06	0.08	0.09	
dl2	Mep-Race	lfr	0.83	0.06	0.99	0.53	0.38	0.84	0.61	0.09	0.91	0.5	0.11	0.01	0.01	0.01	0.12	
dl2	Mep-Race	ceo1	0.84	0.34	0.95	0.64	0.59	0.87	0.73	0.42	0.91	0.67	0.36	0.07	0.03	0.03	0.1	
dl2	Mep-Race	eo	0.84	0.37	0.93	0.65	0.54	0.88	0.71	0.43	0.9	0.67	0.35	0.06	0.03	0.05	0.08	
dl2	Mep-Race	ad	
dl2	Mep-Race	pr	0.84	0.17	0.99	0.58	0.75	0.85	0.8	0.27	0.91	0.59	0.31	0.03	0.01	0.01	0.11	
dl2	Mep-Race	mfc1	
dl2	Mep-Race	roc1	0.79	0.63	0.83	0.73	0.43	0.92	0.67	0.51	0.87	0.69	0.4	0.05	0.04	0.06	0.03	
dl2	Mep-Race	fairway	0.86	0.38	0.96	0.67	0.68	0.88	0.78	0.49	0.92	0.71	0.44	0.11	0.1	0.16	0.08	
dl2	Mep-Race	fairsmote	0.84	0.39	0.93	0.66	0.55	0.88	0.72	0.45	0.91	0.68	0.37	0.09	0.06	0.08	0.09	
dl2	Mep-Race	FairMask	0.86	0.42	0.95	0.69	0.63	0.89	0.76	0.5	0.92	0.71	0.44	0.12	0.11	0.16	0.09	
dl2	Mep-Race	maat	0.86	0.41	0.95	0.68	0.64	0.89	0.76	0.49	0.92	0.7	0.43	0.08	0.04	0.05	0.08	
dl2	Mep-Race	fitness_f	0.85	0.39	0.94	0.67	0.6	0.88	0.74	0.47	0.91	0.69	0.4	0.04	0.03	0.05	0.09	