Task	Algorithm	Metric	default-cliff	rw-cliff	dir-cliff	lfr-cliff	ceo1-cliff	eo-cliff	roc1-cliff	fairsmote-cliff	FairMask-cliff	maat-cliff	fitness_f-cliff	default-p	rw-p	dir-p	lfr-p	ceo1-p	eo-p	roc1-p	fairsmote-p	FairMask-p	maat-p	fitness_f-p
Adult-Sex	lr	SPD	-1.000000	1.000000	-1.000000	1.000000	1.000000	1.000000	1.000000	-1.000000	-1.000000	0.996000	0.000000	0.000000	0.000000	0.000000	0.000000	0.000000	0.000000	0.000000	0.000000	0.000000	0.000000	1.000000
Adult-Sex	lr	AOD	-1.000000	-1.000000	-1.000000	0.288000	-0.960800	0.912000	-1.000000	-0.999200	-0.998400	-0.072800	0.000000	0.000000	0.000000	0.000000	0.013200	0.000000	0.000000	0.000000	0.000000	0.000000	0.532699	1.000000
Adult-Sex	lr	EOD	-0.993600	-1.000000	-0.997600	-0.092800	-0.962400	0.046400	-1.000000	-0.528800	-0.980000	-0.486400	0.000000	0.000000	0.000000	0.000000	0.425889	0.000000	0.691814	0.000000	0.000005	0.000000	0.000028	1.000000
Adult-Sex	rf	SPD	-1.000000	-1.000000	-0.029600	-0.852000	-1.000000	-1.000000	1.000000	-1.000000	-1.000000	0.998400	0.000000	0.000000	0.000000	0.801331	0.000000	0.000000	0.000000	0.000000	0.000000	0.000000	0.000000	1.000000
Adult-Sex	rf	AOD	-0.998400	-0.993600	-0.565600	-1.000000	-0.991200	-0.997600	-1.000000	-1.000000	-0.993600	-0.213600	0.000000	0.000000	0.000000	0.000001	0.000000	0.000000	0.000000	0.000000	0.000000	0.000000	0.066180	1.000000
Adult-Sex	rf	EOD	-0.968800	-0.942400	-0.760800	-1.000000	-0.892800	-0.991200	-1.000000	-0.997600	-0.930400	-0.650400	0.000000	0.000000	0.000000	0.000000	0.000000	0.000000	0.000000	0.000000	0.000000	0.000000	0.000000	1.000000
Adult-Sex	svm	SPD	-1.000000	1.000000	-1.000000	1.000000	0.815200	0.999200	1.000000	-1.000000	-1.000000	1.000000	0.000000	0.000000	0.000000	0.000000	0.000000	0.000000	0.000000	0.000000	0.000000	0.000000	0.000000	1.000000
Adult-Sex	svm	AOD	-0.996800	-1.000000	-0.999200	0.421600	-0.879200	0.949600	-1.000000	-0.992800	-0.983200	-0.746400	0.000000	0.000000	0.000000	0.000000	0.000284	0.000000	0.000000	0.000000	0.000000	0.000000	0.000000	1.000000
Adult-Sex	svm	EOD	-0.927200	-1.000000	-0.972000	0.143200	-0.785600	0.499200	-1.000000	0.084800	-0.864800	-0.907200	0.000000	0.000000	0.000000	0.000000	0.218465	0.000000	0.000017	0.000000	0.467043	0.000000	0.000000	1.000000
Adult-Sex	dl2	SPD	-0.886400	0.846400	-0.781600	0.973200	-0.609600	0.404800	0.955200	-0.375200	-0.926400	0.537600	0.000000	0.000000	0.000000	0.000000	0.000000	0.000000	0.000492	0.000000	0.001239	0.000000	0.000004	1.000000
Adult-Sex	dl2	AOD	-0.815200	-0.971200	-0.751200	0.763600	-0.181600	0.721600	-0.998400	-0.798400	-0.940000	-0.419200	0.000000	0.000000	0.000000	0.000000	0.000000	0.118418	0.000000	0.000000	0.000000	0.000000	0.000307	1.000000
Adult-Sex	dl2	EOD	-0.563200	-0.989600	-0.604000	0.673200	0.316000	0.151200	-0.982400	-0.368000	-0.708800	-0.581600	0.000000	0.000001	0.000000	0.000000	0.000000	0.006536	0.193778	0.000000	0.001536	0.000000	0.000001	1.000000
Adult-Race	lr	SPD	-0.991200	0.990400	0.164800	0.914400	0.783200	0.987200	0.981600	-0.997600	-0.925200	0.739200	0.000000	0.000000	0.000000	0.156577	0.000000	0.000000	0.000000	0.000000	0.000000	0.000000	0.000000	1.000000
Adult-Race	lr	AOD	-0.945600	-0.529600	-0.014400	-0.276000	-0.101600	0.334400	-0.783200	-0.828000	-0.819200	0.173600	0.000000	0.000000	0.000005	0.903975	0.017551	0.383171	0.004000	0.000000	0.000000	0.000000	0.135565	1.000000
Adult-Race	lr	EOD	-0.905600	-0.764000	-0.119200	-0.445600	-0.011200	-0.168800	-0.908000	-0.078400	-0.725600	-0.040000	0.000000	0.000000	0.000000	0.305962	0.000125	0.925851	0.146738	0.000000	0.501490	0.000000	0.732920	1.000000
Adult-Race	rf	SPD	-0.949600	-0.866400	-0.329600	-0.768000	-0.965600	-0.862400	1.000000	-1.000000	-0.797600	0.606400	0.000000	0.000000	0.000000	0.004557	0.000000	0.000000	0.000000	0.000000	0.000000	0.000000	0.000000	1.000000
Adult-Race	rf	AOD	-0.676800	-0.484800	-0.155200	-0.994400	-0.753600	-0.731200	-1.000000	-0.991200	-0.462400	0.311200	0.000000	0.000000	0.000030	0.182219	0.000000	0.000000	0.000000	0.000000	0.000000	0.000069	0.007401	1.000000
Adult-Race	rf	EOD	-0.434400	-0.248800	-0.154400	-0.996800	-0.538400	-0.720800	-1.000000	-0.906400	-0.370400	0.124000	0.000000	0.000184	0.032312	0.184489	0.000000	0.000004	0.000000	0.000000	0.000000	0.001431	0.286833	1.000000
Adult-Race	svm	SPD	-0.973600	0.992000	0.216000	0.942400	0.585600	0.974400	0.988800	-1.000000	-0.903200	0.992000	0.000000	0.000000	0.000000	0.063185	0.000000	0.000000	0.000000	0.000000	0.000000	0.000000	0.000000	1.000000
Adult-Race	svm	AOD	-0.904000	-0.684800	0.013600	-0.225600	-0.211200	0.308800	-0.732000	-0.833600	-0.763200	-0.091200	0.000000	0.000000	0.000000	0.909438	0.052298	0.069290	0.007871	0.000000	0.000000	0.000000	0.433951	1.000000
Adult-Race	svm	EOD	-0.831200	-0.861600	-0.079200	-0.445600	-0.071200	-0.144000	-0.876000	0.031200	-0.664800	-0.448000	0.000000	0.000000	0.000000	0.497112	0.000125	0.541794	0.215924	0.000000	0.790692	0.000000	0.000115	1.000000
Adult-Race	dl2	SPD	-0.725600	0.869600	-0.365600	0.964800	-0.900000	0.169600	0.762400	0.549600	-0.857600	0.236000	0.000000	0.000000	0.000000	0.001649	0.000000	0.000000	0.144829	0.000000	0.000002	0.000000	0.042333	1.000000
Adult-Race	dl2	AOD	-0.347200	-0.385600	0.258400	0.468800	-0.916000	-0.477600	-0.428800	-0.909600	-0.620000	0.283200	0.000000	0.002804	0.000902	0.026198	0.000046	0.000000	0.000039	0.000223	0.000000	0.000000	0.014811	1.000000
Adult-Race	dl2	EOD	-0.149600	-0.527200	0.296000	0.426400	-0.884000	-0.598400	-0.510400	-0.868000	-0.399200	0.205600	0.000000	0.198549	0.000006	0.010857	0.000209	0.000000	0.000000	0.000011	0.000000	0.000589	0.077017	1.000000
Compas-Sex	lr	SPD	-1.000000	0.316800	0.168800	0.147200	-1.000000	0.572800	0.390400	-0.351200	-0.951200	-0.973600	0.000000	0.000000	0.006401	0.146738	0.205866	0.000000	0.000001	0.000777	0.002503	0.000000	0.000000	1.000000
Compas-Sex	lr	AOD	-1.000000	0.253600	0.400000	-0.091200	-1.000000	0.540800	0.155200	-0.235200	-0.906400	-0.949600	0.000000	0.000000	0.029117	0.000574	0.433951	0.000000	0.000003	0.182219	0.043039	0.000000	0.000000	1.000000
Compas-Sex	lr	EOD	-1.000000	0.110400	0.195200	-0.164000	-1.000000	0.344000	-0.116800	-0.029600	-0.872800	-0.870400	0.000000	0.000000	0.343179	0.093220	0.158602	0.000000	0.003067	0.315835	0.801331	0.000000	0.000000	1.000000
Compas-Sex	rf	SPD	-0.998400	-0.987200	0.412000	-0.842400	-1.000000	-0.972800	-0.802400	-0.996800	-0.784800	-0.821600	0.000000	0.000000	0.000000	0.000390	0.000000	0.000000	0.000000	0.000000	0.000000	0.000000	0.000000	1.000000
Compas-Sex	rf	AOD	-0.993600	-0.969600	-0.028000	-0.914400	-1.000000	-0.973600	-0.988800	-0.992800	-0.795200	-0.804800	0.000000	0.000000	0.000000	0.812008	0.000000	0.000000	0.000000	0.000000	0.000000	0.000000	0.000000	1.000000
Compas-Sex	rf	EOD	-0.963200	-0.941600	-0.073200	-0.758400	-1.000000	-0.868800	-0.997600	-0.942400	-0.457600	-0.614400	0.000000	0.000000	0.000000	0.530437	0.000000	0.000000	0.000000	0.000000	0.000000	0.000082	0.000000	1.000000
Compas-Sex	svm	SPD	-1.000000	0.333200	0.373600	0.030400	-1.000000	0.659200	0.638400	-0.164000	-0.929600	-0.968800	0.000000	0.000000	0.004133	0.001300	0.796007	0.000000	0.000000	0.000000	0.158603	0.000000	0.000000	1.000000
Compas-Sex	svm	AOD	-1.000000	0.197600	0.450400	-0.276000	-1.000000	0.545600	0.211200	-0.142400	-0.877600	-0.941600	0.000000	0.000000	0.089258	0.000105	0.017553	0.000000	0.000003	0.069290	0.221083	0.000000	0.000000	1.000000
Compas-Sex	svm	EOD	-0.999200	-0.027200	0.059200	-0.443200	-1.000000	0.112400	-0.314400	-0.214400	-0.873600	-0.892800	0.000000	0.000000	0.817359	0.612368	0.000136	0.000000	0.334476	0.006814	0.065169	0.000000	0.000000	1.000000
Compas-Sex	dl2	SPD	-0.964000	0.065600	0.239200	1.000000	-1.000000	0.147200	0.642400	-0.338400	-1.000000	-0.939200	0.000000	0.000000	0.574221	0.039609	0.000000	0.000000	0.205866	0.000000	0.003584	0.000000	0.000000	1.000000
Compas-Sex	dl2	AOD	-0.956800	-0.052800	0.293600	1.000000	-1.000000	-0.107200	0.376000	-0.328800	-1.000000	-0.920800	0.000000	0.000000	0.651597	0.011518	0.000000	0.000000	0.357403	0.001209	0.004656	0.000000	0.000000	1.000000
Compas-Sex	dl2	EOD	-0.896000	-0.060000	0.152000	1.000000	-0.996800	0.131200	0.162400	-0.484800	-0.988800	-0.834400	0.000000	0.000000	0.607539	0.191422	0.000000	0.000000	0.259683	0.162715	0.000030	0.000000	0.000000	1.000000
Compas-Race	lr	SPD	-1.000000	0.035200	-0.942800	-0.302400	-1.000000	-0.159200	-0.202400	-1.000000	-1.000000	-0.997600	0.000000	0.000000	0.764268	0.000000	0.009257	0.000000	0.171180	0.081738	0.000000	0.000000	0.000000	1.000000
Compas-Race	lr	AOD	-1.000000	0.359200	-0.409600	0.224800	-1.000000	0.841600	0.352000	-1.000000	-1.000000	-0.542400	0.000000	0.000000	0.001989	0.000422	0.053148	0.000000	0.000000	0.002447	0.000000	0.000000	0.000003	1.000000
Compas-Race	lr	EOD	-0.794400	0.501600	0.512000	0.450400	-1.000000	0.801600	0.564800	-1.000000	-0.628800	0.634400	0.000000	0.000000	0.000016	0.000010	0.000105	0.000000	0.000000	0.000001	0.000000	0.000000	0.000000	1.000000
Compas-Race	rf	SPD	-0.998400	-0.997600	-0.463200	-0.948800	-1.000000	-0.994400	-0.079200	-0.982400	-1.000000	-0.942400	0.000000	0.000000	0.000000	0.000067	0.000000	0.000000	0.000000	0.497112	0.000000	0.000000	0.000000	1.000000
Compas-Race	rf	AOD	-0.993600	-0.983200	-0.215200	-0.903200	-1.000000	-0.982400	-0.537600	-0.941600	-0.996800	-0.845600	0.000000	0.000000	0.000000	0.064171	0.000000	0.000000	0.000000	0.000004	0.000000	0.000000	0.000000	1.000000
Compas-Race	rf	EOD	-0.940800	-0.909600	-0.362400	-0.746400	-1.000000	-0.837600	-0.749600	-0.793600	-0.952800	-0.532800	0.000000	0.000000	0.000000	0.001812	0.000000	0.000000	0.000000	0.000000	0.000000	0.000000	0.000004	1.000000
Compas-Race	svm	SPD	-1.000000	0.000400	-0.933600	-0.495200	-1.000000	-0.322400	-0.156000	-1.000000	-1.000000	-0.992000	0.000000	0.000000	1.000000	0.000000	0.000020	0.000000	0.005524	0.179970	0.000000	0.000000	0.000000	1.000000
Compas-Race	svm	AOD	-1.000000	0.393600	-0.408800	-0.160000	-1.000000	0.695200	0.340000	-1.000000	-1.000000	-0.483200	0.000000	0.000000	0.000703	0.000433	0.169033	0.000000	0.000000	0.003429	0.000000	0.000000	0.000032	1.000000
Compas-Race	svm	EOD	-0.644800	0.508000	0.573600	0.209600	-1.000000	0.786800	0.465600	-0.998400	-0.585600	0.716000	0.000000	0.000000	0.000012	0.000001	0.071430	0.000000	0.000000	0.000061	0.000000	0.000000	0.000000	1.000000
Compas-Race	dl2	SPD	-0.990400	-0.054400	-0.532000	1.000000	-0.980000	-0.176800	0.158400	-0.947200	-1.000000	-0.847200	0.000000	0.000000	0.641693	0.000005	0.000000	0.000000	0.128489	0.173346	0.000000	0.000000	0.000000	1.000000
Compas-Race	dl2	AOD	-0.962400	0.027200	-0.086400	1.000000	-0.960000	0.300800	0.257600	-0.890400	-0.996000	-0.616000	0.000000	0.000000	0.817359	0.458642	0.000000	0.000000	0.009636	0.026667	0.000000	0.000000	0.000000	1.000000
Compas-Race	dl2	EOD	-0.692000	0.174400	0.102400	1.000000	-0.942400	0.431200	0.203200	-0.847200	-0.833600	-0.144000	0.000000	0.000000	0.133768	0.379422	0.000000	0.000000	0.000205	0.080536	0.000000	0.000000	0.215924	1.000000
German-Sex	lr	SPD	-0.749200	-0.233200	-0.526400	0.948000	-0.995200	-0.342400	-0.220800	-0.911200	-0.454800	-0.495600	0.000000	0.000000	0.044842	0.000006	0.000000	0.000000	0.003208	0.057530	0.000000	0.000090	0.000020	1.000000
German-Sex	lr	AOD	-0.312000	0.130800	0.040000	0.977600	-0.972800	0.036800	0.033600	-0.789600	0.078400	-0.001200	0.000000	0.007250	0.261142	0.732920	0.000000	0.000000	0.753773	0.774806	0.000000	0.501490	0.994500	1.000000
German-Sex	lr	EOD	-0.447200	-0.017200	-0.240400	0.936800	-0.911200	-0.084800	-0.377600	-0.727200	-0.142800	-0.105200	0.000000	0.000118	0.884891	0.038626	0.000000	0.000000	0.467043	0.001152	0.000000	0.219781	0.366474	1.000000
German-Sex	rf	SPD	-0.364800	-0.265600	-0.258800	0.178400	-0.448000	-0.364800	-0.710800	-0.109200	-0.175600	-0.032800	0.000000	0.001689	0.022294	0.025967	0.125060	0.000115	0.001689	0.000000	0.348468	0.131107	0.780092	1.000000
German-Sex	rf	AOD	-0.240000	-0.163200	-0.220400	-0.067200	-0.314400	-0.240000	-0.793600	-0.041600	-0.139600	-0.016000	0.000000	0.038951	0.160649	0.057986	0.564863	0.006814	0.038951	0.000000	0.722566	0.230323	0.893063	1.000000
German-Sex	rf	EOD	-0.057600	-0.036400	-0.146800	-0.303200	-0.064800	-0.057600	-0.668000	-0.164800	-0.044000	-0.011600	0.000000	0.622075	0.756392	0.207103	0.009072	0.578927	0.622075	0.000000	0.156577	0.707128	0.923113	1.000000
German-Sex	svm	SPD	-0.777600	-0.368000	-0.582400	0.764800	-0.984800	-0.099600	-0.412800	-0.901600	-0.421200	-0.398800	0.000000	0.000000	0.001536	0.000001	0.000000	0.000000	0.392642	0.000380	0.000000	0.000288	0.000597	1.000000
German-Sex	svm	AOD	-0.385600	-0.008000	-0.132000	0.878400	-0.948000	0.028000	-0.139200	-0.847200	0.032800	-0.075200	0.000000	0.000902	0.947783	0.256781	0.000000	0.000000	0.812008	0.231666	0.000000	0.780092	0.519204	1.000000
German-Sex	svm	EOD	-0.464000	-0.044000	-0.306400	0.750400	-0.816000	-0.082800	-0.470400	-0.711200	-0.024800	-0.107200	0.000000	0.000065	0.707130	0.008367	0.000000	0.000000	0.477663	0.000051	0.000000	0.833464	0.357400	1.000000
German-Sex	dl2	SPD	-0.483200	-0.298000	-0.601600	0.880000	-0.686400	-0.351600	-0.286400	-0.543200	0.104800	-0.060800	0.000000	0.000032	0.010324	0.000000	0.000000	0.000000	0.002472	0.013709	0.000003	0.366084	0.602329	1.000000
German-Sex	dl2	AOD	-0.379200	-0.109600	-0.405600	0.880000	-0.609600	-0.179200	-0.300800	-0.467200	0.257600	0.072800	0.000000	0.001096	0.346651	0.000479	0.000000	0.000000	0.123334	0.009628	0.000057	0.025969	0.532251	1.000000
German-Sex	dl2	EOD	-0.243200	-0.111200	-0.259200	0.840000	-0.462400	-0.140800	-0.332000	-0.383200	0.168800	0.116000	0.000000	0.036367	0.339560	0.025700	0.000000	0.000068	0.226214	0.004260	0.000968	0.143942	0.317985	1.000000
German-Age	lr	SPD	-0.876800	-0.008400	-0.342800	0.939600	-1.000000	-0.128800	-0.056400	-0.922400	-0.698400	-0.515600	0.000000	0.000000	0.945038	0.003172	0.000000	0.000000	0.268528	0.629402	0.000000	0.000000	0.000009	1.000000
German-Age	lr	AOD	-0.676000	0.095200	0.056800	1.000000	-1.000000	-0.040000	-0.240800	-0.788000	-0.389600	-0.119600	0.000000	0.000000	0.413975	0.626957	0.000000	0.000000	0.732920	0.038303	0.000000	0.000797	0.304335	1.000000
German-Age	lr	EOD	-0.794000	0.064000	-0.080800	0.980800	-0.995200	-0.072000	-0.152800	-0.880000	-0.524400	-0.329200	0.000000	0.000000	0.583647	0.488414	0.000000	0.000000	0.537237	0.189091	0.000000	0.000006	0.004606	1.000000
German-Age	rf	SPD	-0.666800	-0.427600	-0.098400	0.213200	-0.780000	-0.666800	-0.478400	-0.098400	-0.198800	-0.122800	0.000000	0.000000	0.000232	0.398393	0.066689	0.000000	0.000000	0.000038	0.398394	0.087326	0.291536	1.000000
German-Age	rf	AOD	-0.436800	-0.220800	-0.052800	-0.152800	-0.668000	-0.436800	-0.830400	-0.244000	-0.071200	-0.040800	0.000000	0.000170	0.057532	0.651597	0.189091	0.000000	0.000170	0.000000	0.035802	0.541794	0.727737	1.000000
German-Age	rf	EOD	-0.399600	-0.217600	0.010800	-0.208000	-0.459600	-0.399600	-0.378400	-0.232000	-0.072000	-0.030800	0.000000	0.000582	0.061252	0.928589	0.073623	0.000076	0.000582	0.001125	0.045960	0.537234	0.793346	1.000000
German-Age	svm	SPD	-0.938400	-0.188400	-0.692000	0.743200	-0.999200	-0.372400	-0.161200	-0.970400	-0.818400	-0.597600	0.000000	0.000000	0.105221	0.000000	0.000000	0.000000	0.001348	0.165850	0.000000	0.000000	0.000000	1.000000
German-Age	svm	AOD	-0.772000	-0.021600	-0.285600	0.850400	-0.996800	-0.148800	-0.297600	-0.843200	-0.472400	-0.152000	0.000000	0.000000	0.855044	0.013985	0.000000	0.000000	0.200966	0.010436	0.000000	0.000048	0.191424	1.000000
German-Age	svm	EOD	-0.884800	-0.192000	-0.437200	0.787200	-0.960800	-0.122400	-0.208000	-0.933600	-0.693600	-0.320800	0.000000	0.000000	0.098724	0.000167	0.000000	0.000000	0.293117	0.073623	0.000000	0.000000	0.005763	1.000000
German-Age	dl2	SPD	-0.776800	-0.384000	-0.452000	0.900000	-0.940800	-0.553600	-0.063200	-0.206000	0.319200	0.026000	0.000000	0.000000	0.000947	0.000100	0.000000	0.000000	0.000002	0.588372	0.076424	0.005709	0.825372	1.000000
German-Age	dl2	AOD	-0.665600	-0.345600	-0.343200	0.920000	-0.912000	-0.467200	-0.407200	-0.224800	0.304000	0.030800	0.000000	0.000000	0.002932	0.003136	0.000000	0.000000	0.000058	0.000456	0.053141	0.008533	0.793326	1.000000
German-Age	dl2	EOD	-0.752800	-0.312800	-0.374400	0.900000	-0.874400	-0.422400	-0.296000	-0.299200	0.327200	0.077600	0.000000	0.000000	0.007098	0.001268	0.000000	0.000000	0.000276	0.010852	0.010024	0.004452	0.505606	1.000000
Bank-Age	lr	SPD	-0.956000	0.600800	-1.000000	1.000000	-0.111200	0.050400	-0.215200	-1.000000	-0.936000	-0.257600	0.000000	0.000000	0.000000	0.000000	0.000000	0.339682	0.666567	0.064171	0.000000	0.000000	0.026667	1.000000
Bank-Age	lr	AOD	-0.843200	-0.205600	-1.000000	0.927600	-0.288800	-0.244800	-0.594400	-1.000000	-0.751200	-0.038400	0.000000	0.000000	0.077017	0.000000	0.000000	0.012947	0.035199	0.000000	0.000000	0.000000	0.743323	1.000000
Bank-Age	lr	EOD	-0.764000	-0.241200	-0.998400	0.877600	-0.100000	-0.189600	-0.643200	-1.000000	-0.628800	0.012000	0.000000	0.000000	0.037982	0.000000	0.000000	0.390738	0.103019	0.000000	0.000000	0.000000	0.920376	1.000000
Bank-Age	rf	SPD	-0.464000	-0.198000	-0.886400	0.963200	-0.456000	-0.464000	0.996800	0.033600	-0.484800	0.131200	0.000000	0.000065	0.088610	0.000000	0.000000	0.000086	0.000065	0.000000	0.774806	0.000030	0.259683	1.000000
Bank-Age	rf	AOD	-0.204000	0.004800	-0.617600	0.497600	-0.080800	-0.204000	0.829600	-0.467200	-0.284000	0.111200	0.000000	0.079349	0.969755	0.000000	0.000018	0.488417	0.079349	0.000000	0.000058	0.014531	0.339682	1.000000
Bank-Age	rf	EOD	-0.064000	0.082400	-0.174400	0.278400	0.072400	-0.064000	0.580800	-0.401600	-0.154400	0.094800	0.000000	0.583652	0.479805	0.133768	0.016593	0.534963	0.583652	0.000001	0.000546	0.184489	0.415947	1.000000
Bank-Age	svm	SPD	-0.801600	0.660000	-1.000000	1.000000	-0.063200	0.057600	-0.244800	-1.000000	-0.740000	-0.508000	0.000000	0.000000	0.000000	0.000000	0.000000	0.588394	0.622078	0.035199	0.000000	0.000000	0.000012	1.000000
Bank-Age	svm	AOD	-0.592800	-0.191200	-0.997600	0.992800	-0.395200	-0.069600	-0.529600	-1.000000	-0.478400	-0.178400	0.000000	0.000000	0.100140	0.000000	0.000000	0.000669	0.550965	0.000005	0.000000	0.000038	0.125060	1.000000
Bank-Age	svm	EOD	-0.462400	-0.258400	-0.978400	0.983200	-0.312400	-0.034000	-0.557600	-1.000000	-0.351200	-0.088000	0.000000	0.000069	0.026198	0.000000	0.000000	0.007175	0.772167	0.000002	0.000000	0.002503	0.450325	1.000000
Bank-Age	dl2	SPD	-0.700000	0.426400	-0.937600	0.986400	-0.272000	-0.100000	0.280800	-0.969600	-0.798400	-0.025600	0.000000	0.000000	0.000242	0.000000	0.000000	0.019260	0.390736	0.015677	0.000000	0.000000	0.828087	1.000000
Bank-Age	dl2	AOD	-0.141600	-0.136800	-0.938400	0.972000	-0.040800	0.246800	0.202400	-0.944000	-0.147200	0.032800	0.000000	0.223696	0.239836	0.000000	0.000000	0.727737	0.033728	0.081729	0.000000	0.205866	0.780092	1.000000
Bank-Age	dl2	EOD	0.100000	-0.181600	-0.702400	0.930400	0.138400	0.301600	0.120000	-0.887200	0.185600	0.060800	0.000000	0.390738	0.118418	0.000000	0.000000	0.234367	0.009445	0.302702	0.000000	0.110507	0.602727	1.000000
Mep-Race	lr	SPD	-1.000000	0.624800	-0.999200	0.999200	0.981600	0.784800	0.336000	-1.000000	-1.000000	-0.923200	0.000000	0.000000	0.000000	0.000000	0.000000	0.000000	0.000000	0.003828	0.000000	0.000000	0.000000	1.000000
Mep-Race	lr	AOD	-1.000000	-0.240800	-0.978400	0.529600	-0.795600	-0.015200	-0.684800	-1.000000	-0.992800	-0.825600	0.000000	0.000000	0.038303	0.000000	0.000005	0.000000	0.898516	0.000000	0.000000	0.000000	0.000000	1.000000
Mep-Race	lr	EOD	-1.000000	-0.340800	-0.928000	0.344800	-0.824800	-0.160800	-0.628000	-1.000000	-0.967200	-0.731200	0.000000	0.000000	0.003354	0.000000	0.002996	0.000000	0.166907	0.000000	0.000000	0.000000	0.000000	1.000000
Mep-Race	rf	SPD	-0.916800	-0.763600	-0.644000	0.978400	-0.797600	-0.884800	-0.699200	-0.840800	-0.661200	0.215200	0.000000	0.000000	0.000000	0.000000	0.000000	0.000000	0.000000	0.000000	0.000000	0.000000	0.064170	1.000000
Mep-Race	rf	AOD	-0.911200	-0.786400	-0.604000	0.435200	-0.745600	-0.884000	-1.000000	-0.676000	-0.679200	-0.028800	0.000000	0.000000	0.000000	0.000000	0.000179	0.000000	0.000000	0.000000	0.000000	0.000000	0.806665	1.000000
Mep-Race	rf	EOD	-0.856000	-0.712800	-0.486400	0.280800	-0.604800	-0.827200	-1.000000	-0.519200	-0.580800	-0.051200	0.000000	0.000000	0.000000	0.000028	0.015680	0.000000	0.000000	0.000000	0.000008	0.000001	0.661562	1.000000
Mep-Race	svm	SPD	-1.000000	0.666400	-0.968800	1.000000	0.996000	0.871200	0.502400	-1.000000	-0.989600	-0.692000	0.000000	0.000000	0.000000	0.000000	0.000000	0.000000	0.000000	0.000015	0.000000	0.000000	0.000000	1.000000
Mep-Race	svm	AOD	-0.999200	0.112000	-0.892800	0.793600	-0.828000	0.192800	-0.756800	-1.000000	-0.940000	-0.658400	0.000000	0.000000	0.336206	0.000000	0.000000	0.000000	0.097325	0.000000	0.000000	0.000000	0.000000	1.000000
Mep-Race	svm	EOD	-0.997600	-0.045600	-0.792800	0.571200	-0.868000	-0.127200	-0.800800	-1.000000	-0.884800	-0.588800	0.000000	0.000000	0.696906	0.000000	0.000001	0.000000	0.274539	0.000000	0.000000	0.000000	0.000000	1.000000
Mep-Race	dl2	SPD	-0.992800	-0.125600	-0.959200	0.932000	-0.696800	-0.661600	-0.096400	-0.863200	-0.999200	-0.847200	0.000000	0.000000	0.280640	0.000000	0.000000	0.000000	0.000000	0.408089	0.000000	0.000000	0.000000	1.000000
Mep-Race	dl2	AOD	-0.936000	0.245600	-0.749600	0.809600	0.008000	-0.067200	-0.097600	-0.527200	-0.996800	-0.251200	0.000000	0.000000	0.034605	0.000000	0.000000	0.947783	0.564863	0.402256	0.000006	0.000000	0.030679	1.000000
Mep-Race	dl2	EOD	-0.827200	0.252800	-0.422400	0.725600	0.397600	0.096800	-0.116000	-0.318400	-0.972800	-0.013600	0.000000	0.000000	0.029630	0.000276	0.000000	0.000620	0.406140	0.319174	0.006138	0.000000	0.909438	1.000000